Attribute,Index,Clean Value,Cleaned Value
datetime,469,1495015822,1494482145
datetime,47,1495554495,1495669215.0910168
datetime,334,1495030449,1495317767
datetime,670,1495806610,1495566950.0800054
datetime,626,1495800971,1495118032
datetime,313,1495631549,1496560416
datetime,13,1495549817,1495489998
datetime,523,1495635287,1494501394
datetime,155,1495544569,1494836019
datetime,174,1495546849,1495736062.0148475
datetime,302,1495630229,1495738689.783045
datetime,433,1495640340,1494999490
datetime,430,1495639980,1495909539
datetime,6,1495548977,1493436746
datetime,382,1495625056,1495300746.719468
datetime,623,1495800611,1494085057
datetime,317,1495632029,1496160700
datetime,27,1495551497,1494306789
datetime,365,1495025534,1495945809
datetime,406,1495627936,1496515297
datetime,624,1495800731,1497429706
datetime,153,1495543573,1495977302
datetime,435,1495640580,1495546307.0929203
datetime,254,1495039606,1494494311
datetime,304,1495630469,1496129953
datetime,434,1495640460,1494993042.9223597
datetime,471,1495016062,1495576144.101412
datetime,187,1494934447,1495199948
datetime,198,1495032652,1495255771.2150197
datetime,126,1495540333,1495201731
datetime,537,1495041504,1494225850
datetime,224,1495035732,1493947430
datetime,619,1495799659,1495701027
datetime,644,1495803131,1496356258
datetime,86,1495539026,1495661620.0042694
datetime,243,1495038286,1495753101
datetime,638,1495802411,1498231808
datetime,407,1495628056,1494870892
datetime,48,1495554615,1495438544
datetime,28,1495551617,1498316110
datetime,63,1495536266,1495314093.8701096
datetime,472,1495016182,1497006858
datetime,65,1495536506,1495127376.2243266
datetime,53,1495555215,1496534729
datetime,462,1495022539,1495379121
datetime,81,1495538426,1495624079
datetime,565,1495792948,1495729769.0356638
datetime,316,1495631909,1494062473
datetime,388,1495625776,1495630092.5782793
datetime,274,1495622447,1495626304.1730962
datetime,485,1495017742,1493645880
datetime,563,1495792708,1495797435.4115744
datetime,561,1495792468,1495577778.3044128
datetime,253,1495039486,1494990714
datetime,22,1495550897,1495849730
datetime,460,1495022299,1495208549.0306163
datetime,414,1495638060,1496324071
datetime,344,1495031649,1496735468
datetime,309,1495631069,1496928991
datetime,662,1495805650,1495652660.402063
datetime,664,1495805890,1493318550
datetime,88,1495539266,1495280982.3119764
datetime,215,1495034652,1495015838
datetime,21,1495550777,1495751054.1224947
datetime,271,1495622087,1495539576.115585
datetime,103,1494953151,1495042365.3893118
soil_temperature,469,32.4,21.37521438
soil_temperature,47,30,33.99065966753125
soil_temperature,440,37,39.11687797296575
soil_temperature,670,41.5,35.20285745863962
soil_temperature,626,38.7,23.08191189
soil_temperature,313,38.4,29.65991915
soil_temperature,306,39.1,35.806723173218174
soil_temperature,523,29,34.064522097367465
soil_temperature,433,32.8,18.49792455
soil_temperature,430,34.1,39.728037653508785
soil_temperature,502,38.4,45.53368502
soil_temperature,394,35.6,35.238878597779895
soil_temperature,27,35.9,36.37024292
soil_temperature,195,33.9,36.44414111
soil_temperature,406,31.5,42.82399614
soil_temperature,426,35.4,58.25312235
soil_temperature,624,38.8,47.73012121
soil_temperature,435,31.5,42.83077427
soil_temperature,514,30.9,33.50220232163931
soil_temperature,308,38.9,67.3254821
soil_temperature,644,40.6,90.94259599999998
soil_temperature,243,44.2,43.91858561097308
soil_temperature,554,41.6,42.80376782560151
soil_temperature,63,31.4,35.37805472846334
soil_temperature,634,40.2,37.94768608059782
soil_temperature,455,37.9,39.09717213907718
soil_temperature,563,33.4,35.1255257949193
soil_temperature,22,34.9,36.981840179746435
soil_temperature,414,32.3,31.58154833370824
soil_temperature,309,38.8,34.84043274620862
soil_temperature,662,40.4,34.18328253543256
soil_temperature,88,32.4,67.58591307
soil_temperature,459,39.2,38.54006131828964
soil_temperature,331,44.3,45.17763365341494
soil_temperature,21,34.9,35.18022163834614
soil_temperature,103,46.2,44.84155680831725
454,307,0.094174057,0.041755799
454,47,0.042713368,0.0359310274816122
454,440,0.10042913,0.0960773398612484
454,628,0.093009804,0.0829723685013262
454,409,0.102468402,0.1002315017933845
454,670,0.092909392,0.035
454,20,0.081158823,0.180483975
454,313,0.093629361,0.0882744041890969
454,26,0.080572834,0.0748248951345025
454,523,0.090807885,0.119233155
454,174,0.084273465,0.011076207
454,650,0.08988773,0.073120209
454,302,0.096047173,-0.102200136
454,488,0.099934411,0.0938715580786011
454,6,0.08147394,0.07207117564836
454,382,0.093791262,0.0888615231354486
454,502,0.100667104,-0.045183793
454,17,0.079502642,0.082857107
454,623,0.086379466,-0.0145656519999999
454,479,0.100619979,0.288365682
454,482,0.100565158,0.131618483
454,426,0.103337417,0.1844
454,310,0.093611386,0.0857380159989891
454,611,0.083739235,0.035134343
454,435,0.106047945,0.198935759
454,639,0.101966414,0.0904632787107727
454,304,0.095083183,-0.0189713329999999
454,434,0.106013411,0.1844
454,633,0.096407005,0.13359616
454,424,0.103375189,0.0984907838388003
454,308,0.094432608,0.0519801082988634
454,198,0.133431935,0.12858345428119
454,644,0.102471664,0.02468726
454,86,0.124112979,0.114004451445041
454,243,0.16766514,0.1844
454,241,0.164903533,0.077328628
454,554,0.180859004,0.1844
454,407,0.063222481,0.0690850279490544
454,63,0.112944179,0.0962913205741844
454,65,0.116156536,0.0358570043547204
454,493,0.100586212,0.0953219232481046
454,217,0.141141816,0.1333307803575907
454,53,0.073381684,0.0741596821992602
454,338,0.130268574,0.1243706828690749
454,462,0.113497064,0.090357524
454,677,0.095643215,0.035
454,35,0.079325765,-0.0202849239999999
454,509,0.083111216,0.016077567
454,428,0.105961288,0.1010417689309965
454,455,0.107257967,0.0988248581962338
454,565,0.079327424,0.0820070339984183
454,346,0.139291792,0.1296812750843172
454,242,0.166616662,0.0846131
454,388,0.090632079,0.0868978627835754
454,274,0.094752668,0.100349391
454,674,0.095793944,0.086237395971801
454,663,0.088900039,0.0800781560432606
454,567,0.081381489,0.136815898
454,476,0.095674985,0.0957291412847548
454,59,0.054664837,0.1130064230326753
454,561,0.076933894,0.0800800628530279
454,22,0.078419965,0.075541614442176
454,492,0.102529207,0.0952029244918461
454,309,0.094691642,0.0851874962242577
454,662,0.09256388,0.0826540582836632
454,100,0.126354951,0.1202687138251969
454,88,0.123812036,0.1146782787873094
454,459,0.106342521,0.1844
454,615,0.081650182,0.035
454,103,0.127469643,0.0425535401875574
458,469,0.07338238,0.215566976
458,125,0.060468406,0.0604620599483851
458,670,0.061853967,0.0013932829999999
458,142,0.058790535,0.092692912
458,306,0.064973683,0.067306399292661
458,246,0.117453546,0.041846659
458,155,0.055394367,0.0593425508475455
458,58,0.059224554,0.0602416490604089
458,18,0.055177178,0.104246509
458,430,0.074751178,0.078235885
458,17,0.055336673,0.0615331845026461
458,394,0.063793896,0.0661655811128047
458,479,0.070420831,0.1284
458,27,0.054538274,0.027192975
458,406,0.06613939,0.0681653859320923
458,426,0.073280656,0.12469096414421
458,624,0.059331145,0.126590559
458,304,0.065347518,0.021689518
458,514,0.069308268,0.061708766
458,434,0.074404365,0.237068266
458,39,0.05403299,0.0617500532071722
458,308,0.063451681,0.042328269
458,537,0.123634535,0.1207189437297428
458,644,0.06736838,0.200373411
458,627,0.060481768,0.166612245
458,243,0.116824886,0.12469096414421
458,525,0.0628474,0.098276995
458,241,0.11518817,0.091504613
458,461,0.073424318,0.03838701
458,554,0.127944653,0.12469096414421
458,63,0.081142109,0.069889014
458,65,0.081766395,0.0323
458,252,0.120109356,0.040533178
458,677,0.06454538,0.0323
458,634,0.064851186,0.0700818912850522
458,242,0.116779485,0.0626253792951081
458,14,0.054705321,0.079127421
458,274,0.068845078,0.072413057880881
458,567,0.060332971,0.0950945429691929
458,563,0.061075695,0.0579787865839724
458,59,0.048423682,0.080285495
458,314,0.064379169,0.0696411385490231
458,460,0.073039981,0.0781224374870769
458,373,0.074897901,0.055759538
458,459,0.072714895,0.12469096414421
458,331,0.083764187,0.0906146785628211
458,615,0.057119857,0.0323
458,21,0.056557441,0.0594686643960132
458,72,0.081141727,0.0841012562784635
458,103,0.086052159,0.03646512
462,307,0.057804303,0.126940153
462,469,0.066940625,0.017281916
462,440,0.063025687,0.0612557181743474
462,628,0.052427301,0.0545177035699696
462,335,0.075230499,0.051445828
462,409,0.065449326,0.0633916101956978
462,313,0.058365697,0.102139483
462,26,0.050140231,0.05283836
462,155,0.050568001,0.0545304371951058
462,389,0.05785342,0.056314505
462,302,0.058051816,0.0576487725385097
462,433,0.06642741,0.0641377374730748
462,6,0.049676512,0.0489127774216333
462,382,0.059493047,0.0575456544782416
462,502,0.058434931,0.041837002
462,17,0.048379728,0.0058251829999999
462,49,0.038829513,0.0354632537280924
462,479,0.065573207,0.0340999999999999
462,27,0.050263973,0.049079169
462,158,0.050033713,0.076014755
462,651,0.05151862,0.070604105
462,426,0.066616646,0.1087703831403171
462,435,0.066914273,0.0645625597764384
462,639,0.055213705,0.065428962
462,304,0.058375403,0.084059407
462,514,0.062159614,0.071206466
462,434,0.067422481,0.1163
462,39,0.049748399,0.024653902
462,417,0.064942509,0.039686479
462,240,0.102030755,0.0562074
462,324,0.073536176,0.095633083
462,198,0.078733482,0.057675059
462,537,0.11311866,0.091510673
462,616,0.049816045,0.0512580153984824
462,318,0.058568928,0.001472064
462,644,0.055898538,0.1163
462,669,0.053362405,0.0546514182069169
462,577,0.054008114,0.071465911
462,243,0.103050185,0.1093132295496808
462,525,0.062038094,0.080641443
462,36,0.049444482,0.19534364
462,241,0.102224908,0.069578536
462,135,0.053295311,0.0511461621904076
462,63,0.070060846,0.0613657378858919
462,217,0.08262362,0.0804098406240408
462,53,0.049680033,0.0499865979783375
462,634,0.053594199,0.0572012472826181
462,455,0.063402638,0.062668374345695
462,242,0.102823136,0.0553612973861099
462,674,0.054587846,0.0561964407587462
462,505,0.057674541,0.0564666103577075
462,567,0.056644681,0.068305179
462,563,0.05533867,0.0540802600650622
462,476,0.064266104,0.061076689389835
462,59,0.046384151,0.0699599271737388
462,561,0.054001852,0.0530306039675883
462,253,0.106840621,0.038074949
462,414,0.0654741,0.074173945
462,309,0.057423628,0.0556566273064472
462,100,0.076176874,0.0736938858431105
462,88,0.070422576,0.0708195237483325
462,21,0.049645412,0.0527518177582831
466,469,0.064320304,0.037
466,47,0.037048171,0.0370481709999999
466,628,0.049278732,0.037
466,125,0.051425311,0.0520589047141423
466,409,0.063167394,0.079430541
466,670,0.050684742,0.0515254706951589
466,626,0.048767666,0.0492317616451955
466,313,0.055258755,0.1080826388272036
466,306,0.055724979,0.0572535600900371
466,26,0.048383892,-0.0549690839999999
466,155,0.048825804,0.0480923582875468
466,114,0.073696741,0.076010351
466,174,0.050186028,0.048824649
466,488,0.061087899,0.063239064
466,433,0.063700091,0.080579575
466,502,0.056307169,0.16152
466,17,0.047891293,0.037
466,49,0.040859198,-0.0700092259999999
466,394,0.05415621,-0.040428059
466,426,0.064198927,0.1131
466,310,0.05492768,0.0038450079999999
466,304,0.055577895,0.06974128
466,434,0.065224411,-0.0421154219999999
466,633,0.05068785,-0.0031757189999999
466,424,0.060904781,0.046367231
466,417,0.062518637,0.181174272
466,471,0.064117994,0.124475891
466,97,0.07360531,0.054154589
466,537,0.110431023,0.1165632859999999
466,616,0.047184291,0.0472176490559316
466,473,0.063797783,0.09008468
466,627,0.049152517,-0.007031644
466,86,0.065846842,0.0703198831546513
466,525,0.060380307,0.082687829
466,36,0.047755086,0.1131
466,407,0.054188266,0.0518557404446514
466,493,0.060312365,0.0617520946217928
466,217,0.080137045,0.083526978
466,53,0.048537741,0.118467348
466,677,0.052564666,0.0541253365842023
466,566,0.053198452,0.0537424660485675
466,509,0.057164211,0.0546700598981616
466,455,0.0612765,0.062168059886404
466,346,0.076528624,0.0822606547858386
466,242,0.099125118,0.0536681374538787
466,388,0.054662462,0.0561234405925845
466,674,0.052045614,0.0546396140000692
466,476,0.062826493,0.1131
466,59,0.048600556,-0.0113674299999999
466,561,0.052652994,0.0509569694477112
466,460,0.061353211,0.0655741357462075
466,414,0.062851632,0.0755518600905671
466,492,0.060497023,0.0627155513218871
466,309,0.054684062,0.054011678575555
466,664,0.05027668,0.0509766690434165
466,88,0.065367338,0.0716498455637068
466,331,0.070818818,0.0745656700889054
466,21,0.0475622,0.0506326727190113
466,72,0.065592035,0.0702578344907353
466,271,0.05947888,0.0618726882549862
470,47,0.037496629,0.0375
470,642,0.051105764,0.052457672
470,440,0.060082369,0.0583829906625676
470,670,0.050271222,0.0485901145688114
470,155,0.04770641,0.171287864
470,18,0.047178113,0.008580244
470,430,0.064974531,0.0619705234351163
470,46,0.038101878,0.0381018779999999
470,502,0.055428174,0.1126
470,394,0.053940032,0.0375
470,310,0.054333325,0.1654585249999999
470,417,0.062269911,0.1126
470,471,0.063854955,-0.0177661459999999
470,198,0.07434842,0.075584876
470,644,0.050655269,-0.062966122
470,669,0.050002385,0.048564300657267
470,627,0.047660009,0.0375
470,86,0.064403845,0.0676213839311663
470,243,0.099565002,0.0965061844618141
470,461,0.061088591,0.039365233
470,554,0.111580126,0.1074482511571605
470,48,0.044457667,0.058385238
470,419,0.061837481,0.073211771
470,63,0.064000183,0.0630724594486603
470,660,0.047941132,0.045146074
470,65,0.064138681,0.0636058787836542
470,217,0.07935355,0.0804222992653786
470,428,0.062307299,0.0606163917186464
470,455,0.060666234,0.0597202670922086
470,565,0.054077206,0.0522409070779563
470,346,0.075494243,0.100130404
470,242,0.097368612,0.0955407240097509
470,14,0.046019447,0.082359103
470,674,0.050835897,0.0524233558851909
470,663,0.048537569,0.0475208653856253
470,476,0.062236329,0.1090858134773722
470,460,0.060681169,0.0375
470,414,0.063029245,0.067448286
470,662,0.048789909,0.0477688002859698
470,664,0.049163717,0.0488730634996929
470,100,0.073301994,0.0710325933772971
470,88,0.064090812,0.052627712
470,331,0.069928646,0.1126
470,21,0.047052506,0.0455636052389719
474,307,0.054389901,0.030162147
474,613,0.045420391,0.0454203909999999
474,642,0.050043407,0.0568140764388705
474,125,0.051444624,0.113787825
474,670,0.049281789,0.0533969171125633
474,626,0.047430449,0.0523794169764534
474,306,0.054742666,0.046938918
474,26,0.047559142,0.047770142
474,170,0.048232781,0.031076263
474,174,0.048475647,0.053195588612521
474,422,0.060166066,0.076150746
474,18,0.046521018,0.136254595
474,256,0.102752129,0.105467493
474,583,0.049936519,0.078231155
474,623,0.046004794,0.0516800340273301
474,426,0.063582907,0.002570239
474,415,0.059930981,0.0640459549230068
474,434,0.064856983,0.068045400657012
474,589,0.048818526,0.064469228
474,424,0.060506698,0.12589641
474,417,0.061890948,0.047956584
474,318,0.054528061,0.0592886311723263
474,669,0.04884406,0.0390999999999999
474,525,0.059488607,0.04334764
474,461,0.060866824,0.147347142
474,554,0.111710739,0.044326474
474,547,0.111605199,0.066337046
474,407,0.054875489,0.0582619656475279
474,48,0.044992723,0.0620513451283691
474,135,0.050579674,0.0549119728760524
474,63,0.06300858,0.051256949
474,65,0.063432182,0.0666640138890968
474,493,0.058983518,-0.0280399769999999
474,217,0.078002545,0.0390999999999999
474,202,0.072604537,0.055688237
474,402,0.053481272,0.045229188
474,428,0.062432833,0.0640226688575566
474,455,0.059778979,0.055157076
474,565,0.053008428,0.0778262442303036
474,242,0.097953204,0.060474296
474,485,0.060110956,0.07856542
474,663,0.048890559,0.0985269077848024
474,567,0.052760331,0.05595913
474,314,0.054380079,0.0589891325388646
474,662,0.048271571,0.061320589
474,664,0.048869939,0.0536469151010181
474,100,0.073027996,0.0390999999999999
474,615,0.045953445,0.0516439235611894
474,72,0.063384492,0.089611168
474,271,0.058680809,0.086471972
478,335,0.07071227,0.06966018
478,125,0.051574956,0.062802867
478,142,0.050981787,0.046186701
478,306,0.054343795,0.0461401416504243
478,523,0.059935846,0.0599396784460236
478,170,0.048284219,-0.012304794
478,155,0.0482238,-0.0547212109999999
478,174,0.048458734,0.0527335296361085
478,488,0.059602769,0.003251185
478,6,0.046885653,0.2310559119999999
478,49,0.043245823,0.134393973
478,394,0.053517317,0.083630288
478,406,0.055441771,0.059218326
478,624,0.04614303,0.111178184
478,208,0.074617563,0.083620346
478,304,0.054536537,0.0544173436289957
478,360,0.062571148,0.04916778
478,39,0.047482902,0.044751216
478,417,0.062057915,0.0472125757281287
478,308,0.054334961,-0.0533279289999999
478,585,0.049608514,0.052686134
478,198,0.073509996,0.0750619003770089
478,126,0.052181641,0.069885096
478,537,0.111804956,0.1134341855244204
478,54,0.047907873,0.047886443441823
478,616,0.045670353,-0.087832158
478,627,0.047351612,0.0460004982069912
478,243,0.099011537,0.1011850985674755
478,36,0.047715173,0.0465540199803929
478,554,0.113556099,0.0433871028619668
478,493,0.058110643,0.0371
478,53,0.048143267,0.0473652369771698
478,566,0.051867763,0.0521580825474511
478,634,0.047787331,0.0475857271793364
478,455,0.059631644,0.03828392
478,346,0.074358113,0.0749861414483956
478,388,0.054263719,0.0534354619677314
478,274,0.057706653,0.0573541428700317
478,59,0.049086663,0.0474574417792
478,561,0.051321067,0.0509678316910714
478,22,0.046871044,0.0464831676253173
478,309,0.053776855,0.0534107836732501
478,662,0.048592194,0.081944966
478,100,0.073422401,0.1139
478,88,0.062512057,0.0628283519567507
478,459,0.060028563,0.0595559751217848
478,21,0.046874334,0.0459444108866743
478,72,0.063236701,0.0911088986613905
478,271,0.057528377,0.0878007594811552
482,47,0.038140081,0.080804446
482,628,0.047311445,-0.00639614
482,125,0.052067664,-0.007218746
482,626,0.046604169,0.088995995
482,26,0.048530666,0.0451440929988665
482,58,0.050194119,0.04689344356607
482,598,0.046810193,0.051489911
482,181,0.047870211,0.061793378
482,623,0.045774845,0.0435682088335385
482,479,0.062020342,0.0590441385954152
482,482,0.060766448,0.0577070614080377
482,406,0.055177564,0.082830629
482,310,0.054559979,0.06944077
482,624,0.046650276,-0.093322466
482,366,0.061600417,0.108719828
482,611,0.045813527,0.038509106
482,552,0.11435568,0.102618693
482,435,0.063790651,0.250322612
482,639,0.049511116,0.0465159016492832
482,304,0.054580072,0.0517701980163777
482,514,0.061035525,0.0567348983037769
482,424,0.061610403,0.047336163
482,669,0.049084761,0.0466529537954468
482,627,0.04725945,0.0937316413823362
482,36,0.047872065,-0.018492584
482,554,0.114421061,0.098317956
482,472,0.063678142,0.091975604
482,65,0.063132787,0.0604066249680609
482,217,0.078478303,0.075978931513797
482,338,0.071205366,0.089679289
482,402,0.05397807,0.07941137
482,455,0.060370557,0.148159903
482,242,0.0988558,0.0950266979573606
482,388,0.054555978,0.0508039387970675
482,663,0.048250509,0.0458666664589109
482,561,0.052133268,0.0487231853708316
482,314,0.054707836,0.0512010916768265
482,414,0.063347487,0.041359102
482,662,0.048523776,0.0788598361581324
482,664,0.048691195,0.0459765715181337
482,100,0.074365647,0.0645350290887657
482,459,0.060571052,0.053127265
482,21,0.047455475,0.0845788346107566
486,440,0.060731011,0.0595605613061265
486,670,0.049755236,0.149970728
486,626,0.047497329,0.0919965065194436
486,20,0.047725865,0.0448367710830117
486,306,0.055553167,0.0538850421206669
486,26,0.048949302,0.006822266
486,155,0.049047532,0.0463016404265441
486,58,0.05100487,0.071700041
486,502,0.055550364,0.055834046
486,27,0.04863535,0.0456605688586063
486,535,0.112363209,0.072674425
486,426,0.06505468,0.132147292
486,624,0.046905587,0.06754262
486,366,0.062699688,0.084180511
486,435,0.065070276,0.1197410929999999
486,639,0.049158037,0.0377
486,434,0.066226569,0.006344832
486,424,0.06246666,-0.095242751
486,417,0.062827511,0.0625261423073473
486,97,0.07548418,0.068820553
486,537,0.11412432,0.1166
486,54,0.049197341,0.050526031
486,616,0.046304082,0.078591337
486,473,0.064153403,0.147608201
486,36,0.048137157,0.0057478449999999
486,554,0.115866427,0.102494202092957
486,218,0.081179276,0.098074231
486,407,0.057826512,0.055521701869645
486,135,0.051222762,0.0491491719710487
486,217,0.080156676,0.0773376627698016
486,338,0.071813236,0.0927659811395593
486,566,0.053839454,0.050953401408071
486,428,0.063732599,0.0622651030982124
486,565,0.053736298,0.0514402321063117
486,242,0.100443529,0.0987878333379809
486,388,0.055644558,0.0532127340908068
486,274,0.058792961,0.0567815150681258
486,674,0.050484831,0.055857091
486,505,0.059140787,-0.103691151
486,22,0.048213814,0.0451685354617541
486,314,0.054840933,0.0494347119231085
486,460,0.060950654,0.0603959029915618
486,492,0.060665235,0.0589176406405437
486,662,0.04878568,0.0805819222054026
486,100,0.07583902,0.0644503953985939
486,459,0.061888911,0.0516038243200063
486,21,0.047539232,0.0870222307135634
486,72,0.06400527,0.0631786665689815
490,307,0.056430148,0.0558024614058202
490,642,0.050457553,0.0515346316590491
490,628,0.04862931,0.0489387827109946
490,125,0.053296103,0.0533209498933855
490,409,0.065252345,0.0638117706154647
490,670,0.050700739,0.0087340289999999
490,26,0.049574093,0.0427
490,523,0.063439065,0.202057314
490,246,0.105505115,0.1055051149999999
490,174,0.050214342,0.0499982852067578
490,302,0.056436036,0.0555681768024574
490,488,0.062171459,0.0607524334637076
490,433,0.065998427,0.054404569
490,6,0.048933563,0.0486690435227118
490,382,0.058300107,-0.0105370769999999
490,513,0.061488673,0.053381807
490,623,0.047539577,0.044073275
490,394,0.055391623,0.063603764
490,158,0.049386543,0.044974724
490,406,0.058183722,0.074794855
490,624,0.048255108,0.0672629016058476
490,639,0.050260536,0.0427
490,304,0.056422228,0.0559725597831746
490,514,0.063239911,0.062369310282858
490,415,0.062776739,-0.0126109329999999
490,424,0.063635936,0.0427
490,308,0.056236013,0.0551909764445332
490,280,0.060182347,0.067740865
490,54,0.050368174,0.080348304
490,616,0.047095468,0.084888899
490,669,0.050336786,0.050294731254566
490,86,0.06359754,0.081348014
490,243,0.10337022,0.0981248284788834
490,525,0.063487242,0.0226632119999999
490,36,0.049039008,0.0427
490,407,0.060115209,0.100723969
490,65,0.064462249,0.0637041301053729
490,493,0.060967137,0.005183712
490,217,0.081821022,0.0789841994603441
490,53,0.050014195,0.0503228124380618
490,338,0.073360492,0.0907010826959194
490,677,0.05249641,0.0522096198658724
490,566,0.054737464,0.110329435838378
490,634,0.04923175,0.0494793891668709
490,509,0.059688319,0.0601009592988553
490,428,0.064822684,0.0427
490,455,0.062863504,0.060726659546215
490,367,0.063338101,0.069782066
490,565,0.054945398,0.047186253
490,346,0.076435673,0.0751396456996786
490,388,0.056423983,0.0539472114771051
490,674,0.051441889,0.0564044143757008
490,505,0.059270014,0.0427
490,567,0.054565612,0.0539515657416947
490,563,0.054197702,0.054731398420187
490,59,0.052439657,0.0515732493263193
490,561,0.053603301,0.0531216738468793
490,22,0.049297056,0.048145341
490,460,0.062619245,0.0606219925487054
490,414,0.06611168,0.0641158902044148
490,492,0.060900817,0.084138672
490,309,0.056190808,0.0557815333973922
490,662,0.049545694,0.0427
490,100,0.076433995,0.064389528791736
490,88,0.063502741,0.0631637959124604
490,331,0.070672271,0.0692119829143445
490,615,0.047200235,0.0479528218798711
490,72,0.06449819,0.0427
490,271,0.0614752,0.0592789072764803
490,103,0.077050584,0.083172706
494,125,0.054475919,0.0563889053328944
494,409,0.06580758,0.080426012
494,13,0.04922595,0.043524609
494,170,0.051243802,0.036719065
494,246,0.105613263,0.1056132629999999
494,174,0.05081271,0.0531984536042142
494,18,0.049645606,0.0518908696166757
494,49,0.048628885,0.044757972
494,623,0.048197129,-0.113629797
494,394,0.056645388,0.0663609829059761
494,482,0.064432169,0.0141943289999999
494,406,0.059181608,-0.085913104
494,611,0.048406124,0.069065033
494,435,0.067019286,0.123041921
494,678,0.05305695,0.050390184
494,417,0.065192132,0.094339638
494,537,0.117948067,0.1162861024025873
494,616,0.04792906,0.067256173
494,473,0.066286974,0.012178934
494,577,0.053543378,0.066615119
494,461,0.06340786,0.066365062
494,135,0.053720439,0.0559321153694816
494,28,0.050591751,0.050246373
494,63,0.065004818,0.0669224541042216
494,252,0.109999466,0.061119407
494,677,0.052821857,0.1209
494,566,0.055293877,0.1115654210638341
494,81,0.064482615,0.071303551
494,455,0.063306844,0.132753609
494,367,0.063645239,0.044717779
494,674,0.052069377,0.046982136
494,476,0.064980943,0.0667210401487088
494,22,0.050112283,0.0514058351461196
494,314,0.057267989,0.059444358288633
494,161,0.050578129,0.047183154
494,492,0.061847053,0.090751397
494,88,0.064293218,0.1186666465959394
494,331,0.071874311,0.0717866167195705
494,615,0.048048717,0.0512195838132298
494,21,0.050106657,0.0518789894129518
498,307,0.058314445,0.156731145
498,612,0.048921325,0.048793004
498,47,0.045463323,0.0455
498,262,0.065749592,0.054960538
498,628,0.049929094,0.0502131420986724
498,409,0.066827128,0.0852924160961447
498,306,0.058320156,0.0603095203731809
498,18,0.050730029,0.053397392586952
498,302,0.058452843,0.059231320826666
498,502,0.058491341,0.0597486592151594
498,49,0.051235825,0.194727453
498,479,0.06626232,0.0674621440619695
498,482,0.065064823,0.0455
498,365,0.065659507,0.092229405
498,406,0.059795496,0.0163443989999999
498,426,0.068632961,0.035988965
498,624,0.049241318,0.0494809015128255
498,515,0.067636172,0.09358581
498,639,0.051626526,-0.026169937
498,304,0.058110148,0.02962077
498,434,0.069582653,-0.0036088259999999
498,669,0.051928543,0.0527754884290614
498,525,0.063789126,0.154699881
498,36,0.051080593,0.104582269
498,461,0.064866221,0.0695758542235231
498,554,0.122620993,0.1234
498,407,0.060944442,0.0628336275164435
498,135,0.05445153,0.0455
498,28,0.05165625,0.05960035
498,65,0.066255295,0.0683825850258351
498,493,0.063269449,0.0641438330000858
498,53,0.052772952,0.0526196378377724
498,338,0.076550155,0.0785259209014182
498,677,0.054256213,0.189635204
498,556,0.123379452,0.06200952
498,428,0.067527036,0.0696239519248833
498,242,0.106728196,0.1117162208585259
498,388,0.058512369,0.0588887307505673
498,274,0.062227443,0.0638823532350862
498,663,0.051431363,0.035294262
498,505,0.061843792,0.134555191
498,59,0.054562245,0.0546253883265022
498,561,0.055900346,0.0563245200208878
498,22,0.050855208,0.052855247549323
498,492,0.063920308,0.0968335674558422
498,100,0.079960033,0.104681915
498,615,0.048658437,0.047827022
498,72,0.066588207,0.0684102615191395
498,271,0.06282312,0.0645060160349153
498,103,0.08025388,0.0821675442848664
502,47,0.046542755,0.0465
502,642,0.054037733,0.0525382381131986
502,628,0.051323669,0.0502495140862467
502,670,0.053327975,0.0522620508864697
502,26,0.053116386,0.0521639252402892
502,155,0.052883086,0.0522617519837793
502,302,0.059911615,0.064950998
502,433,0.070354492,0.070583623278518
502,430,0.07132711,0.0725744498165127
502,17,0.05143048,0.0506577637104394
502,49,0.053265076,0.014823051
502,623,0.050455891,0.049184500870977
502,394,0.059126634,-0.013124176
502,406,0.061388006,0.129071418
502,310,0.05953021,0.0581384093276585
502,624,0.0506888,0.07390916
502,552,0.126360464,0.118751407
502,515,0.068254796,0.09927119
502,639,0.052703792,0.0465
502,304,0.059506244,0.159819225
502,434,0.071475432,0.018423477
502,198,0.081426738,0.092291759
502,403,0.058545625,0.061118404
502,616,0.050066992,0.0485819997518383
502,318,0.059774847,0.155355257
502,644,0.053543996,0.052265353647113
502,669,0.053517745,0.0531727668028475
502,627,0.050776978,0.0497895255502342
502,86,0.066044199,0.0676504444033121
502,243,0.110887833,0.1149572062018153
502,36,0.052714975,0.1122765305081033
502,461,0.066691739,0.089144303
502,63,0.067562984,0.068413863550603
502,65,0.067453774,0.1031070093943362
502,493,0.064350125,0.0661423422877729
502,217,0.087832229,0.089201297574252
502,462,0.066898134,0.091671759
502,677,0.055002689,0.14397109
502,566,0.058329208,0.053828871
502,634,0.052434029,0.0505970807600496
502,565,0.058371127,0.0580592662840149
502,242,0.108943386,0.1204152992230138
502,274,0.064258996,0.0658440331075087
502,674,0.054344586,0.0530836317057319
502,561,0.056838364,0.0572216793635996
502,460,0.066063906,0.0669459079451692
502,414,0.06913501,0.0698562047926642
502,664,0.053231558,0.048448104
502,459,0.065828508,0.0660882123794734
502,331,0.075449456,0.0762912728271563
502,21,0.05230568,0.0509841551806467
502,72,0.067350127,0.0465
502,271,0.064196831,0.0665555387897116
506,307,0.061442376,0.075837697
506,469,0.072985987,0.0707921132998962
506,642,0.05467354,0.0540890644520656
506,628,0.052458327,0.0514187141256823
506,125,0.058296619,0.0567479140456124
506,409,0.070606108,0.0684147605981433
506,670,0.055120142,0.0104199879999999
506,626,0.052631579,-0.028361524
506,20,0.053143299,0.065562411
506,313,0.061401241,0.10716215
506,26,0.05473319,0.157890039
506,170,0.054218902,0.0527904960358937
506,155,0.054563076,0.0523416880135161
506,114,0.084038958,0.063819204
506,174,0.054352487,0.05332335512487
506,58,0.056944486,0.055827547459983
506,488,0.066825272,0.013889851
506,6,0.052548517,0.0517659744688228
506,382,0.063182085,0.036785074
506,394,0.060657087,0.05
506,482,0.068196516,0.167092755
506,27,0.054404987,0.0532240527068941
506,624,0.05205055,-0.0336031179999999
506,611,0.052322967,0.101014824
506,678,0.056978008,0.064856009
506,514,0.068593354,0.078730127
506,417,0.070525643,0.06817962674277
506,537,0.127380703,0.1230525068978698
506,54,0.056119562,0.128644734
506,473,0.071052351,0.11495801
506,554,0.129024736,0.1248575758922224
506,407,0.065487286,0.0649783447750644
506,135,0.056728296,0.0553996757264733
506,63,0.068833898,0.0682336479651778
506,493,0.066530133,0.084598217
506,53,0.055531453,0.038848362
506,566,0.059814897,0.053883566457225
506,509,0.066468742,0.0639414251641512
506,428,0.070627491,0.08498829
506,455,0.068239767,0.0657052335945351
506,565,0.060116898,0.0580458255002688
506,242,0.113329985,0.1193975301434246
506,563,0.06015845,0.0588172775352398
506,59,0.057480903,0.0559891441203071
506,561,0.058985587,0.0572217290506989
506,22,0.053692163,0.0523955601422078
506,414,0.070384064,0.157170951
506,309,0.060419569,0.0587389064707042
506,664,0.054592499,0.076020844
506,100,0.084082587,0.0816980981692289
506,615,0.051491259,0.0500105852163739
506,271,0.066352952,0.0640845364306408
506,103,0.084507273,0.0816112124890747
510,469,0.073977052,0.0094350029999999
510,47,0.05156566,0.0520352104941431
510,440,0.069876622,0.022131211
510,409,0.07263948,0.0973968044661422
510,670,0.056889453,-0.016012465
510,313,0.062914232,0.133649216
510,26,0.055682568,0.281358127
510,523,0.069708247,0.124485421
510,174,0.055937122,0.056056731167149
510,658,0.055351137,0.067206768
510,256,0.122859496,0.120987743
510,488,0.069273755,0.191156337
510,502,0.063089521,0.0626743635301579
510,17,0.054673546,0.0548314616291183
510,394,0.06239422,0.030783232
510,479,0.070593056,0.018253027
510,624,0.053752005,-0.038487783
510,639,0.056103083,0.145043878
510,39,0.055454106,0.082131408
510,424,0.070703815,0.213832196
510,471,0.074126608,0.111757831
510,537,0.131738439,0.120055111
510,588,0.056413743,0.078422632
510,554,0.132166576,0.1209616535187143
510,407,0.067107136,0.056421455
510,503,0.063551605,0.079710577
510,135,0.058535445,0.0516
510,65,0.070045468,0.0694942719828428
510,252,0.120314212,0.111699706
510,634,0.054794539,0.0549566712181353
510,388,0.062490561,0.0624165135050537
510,274,0.06727997,0.0670470515643245
510,663,0.055558701,0.0557527881647407
510,314,0.062700893,-0.041536438
510,460,0.070381922,0.05503868
510,662,0.055933415,0.0559464965024741
510,100,0.08661901,0.0812303008694445
510,331,0.079334098,0.100448121
510,21,0.054863199,0.0555538362560321
510,72,0.070168321,0.0689562158720427
510,271,0.066881245,0.0650157711817346
514,307,0.064849918,0.0675355001527999
514,469,0.076531088,0.050767584
514,642,0.05817998,0.049606791
514,628,0.056000851,0.0578858059906265
514,125,0.060843283,0.063480379340414
514,20,0.056138982,0.0586215321732095
514,313,0.064516295,0.1369
514,170,0.057181627,0.0592819093422785
514,155,0.057319808,0.0597366029483814
514,302,0.064963576,0.0674604700994107
514,488,0.07077106,0.035845295
514,6,0.05599574,0.0583733939544141
514,502,0.065086584,-0.095714965
514,49,0.059375306,0.2099940859999999
514,394,0.063807727,0.054
514,27,0.05774758,0.0597842045574269
514,406,0.066313843,0.097506998
514,435,0.07631454,0.102173111
514,254,0.124157882,0.089725147
514,415,0.072797312,0.050208074
514,39,0.056804428,0.065003392
514,308,0.064281297,-0.079659826
514,198,0.088476018,0.0926165074865998
514,616,0.054380067,0.0564696198463081
514,473,0.074168725,0.243572585
514,669,0.05829441,0.0602758252403941
514,86,0.070007924,0.0738319218671006
514,554,0.136063783,0.054
514,407,0.068004302,0.0603571600722529
514,48,0.057956856,0.0610383876646889
514,135,0.060081551,0.054
514,419,0.073513359,0.075887222
514,63,0.071286622,0.0752302441180217
514,65,0.071097075,0.1148441453867384
514,53,0.058336274,0.022638013
514,634,0.056618208,0.054
514,509,0.069566702,0.043401342
514,367,0.073131951,0.064506155
514,565,0.062463468,0.0658156884231517
514,346,0.089485208,0.0925734329849276
514,242,0.118562189,0.087148659
514,388,0.06474713,0.1369
514,274,0.068431652,0.054
514,674,0.059284071,0.0614014589117034
514,567,0.062581042,0.0651192645071633
514,59,0.060253442,0.0631226506754921
514,22,0.056473982,0.0589553473343645
514,314,0.064312989,0.054
514,309,0.063860668,0.0664904889690703
514,100,0.089235638,0.0924632131241546
514,615,0.054172104,0.056990292480655
514,21,0.056530101,0.054
514,271,0.069428451,0.054
518,307,0.066374557,-0.035161756
518,642,0.059063491,0.0558
518,125,0.062794155,0.072911416
518,670,0.059543814,0.0584226426620111
518,20,0.057794537,-0.07130833
518,13,0.057289154,0.087923172
518,170,0.058479554,0.007723985
518,58,0.061798342,0.0605731533706351
518,623,0.056451225,0.0558
518,479,0.07421793,0.0755856167275258
518,482,0.074038666,0.0744480091592221
518,310,0.065671992,0.063289791
518,514,0.075248958,0.162691229
518,633,0.058566468,-0.04770675
518,39,0.058837794,-0.035236021
518,417,0.076202335,0.155528115
518,198,0.091159861,0.098372003324588
518,537,0.138303472,0.124349614
518,54,0.06013761,0.059132457630704
518,318,0.066689433,0.066295565
518,473,0.077001511,0.1407
518,86,0.071318453,0.060405298
518,243,0.122557248,0.1287508273442723
518,525,0.073339767,0.004679047
518,36,0.058631041,-0.032757229
518,554,0.139370563,0.0558
518,48,0.059051501,0.1407
518,493,0.072214947,0.0725171114902135
518,217,0.096748284,0.117932961
518,566,0.064166509,0.0641496667190308
518,634,0.058049725,0.0558
518,428,0.076446059,0.0775170036280774
518,455,0.073958885,0.0744531403211829
518,242,0.120634249,0.0920629374010196
518,388,0.065752766,0.09409295
518,274,0.070095265,0.0558
518,476,0.075018675,0.177999573
518,22,0.058171745,0.183769453
518,460,0.073732241,0.0748280047601673
518,492,0.071489889,0.0731287397651672
518,664,0.058859423,0.0584400438433764
518,100,0.092037984,0.0981951249343494
518,88,0.07119869,0.0728383427674564
518,271,0.071080272,0.0558
522,469,0.080777407,0.091652002
522,47,0.058500867,0.100502328
522,628,0.058771687,0.0583033925078044
522,125,0.06455525,0.0743816023716901
522,409,0.078265173,0.080023015
522,20,0.059315284,0.020849593
522,306,0.068457278,0.037206363
522,302,0.068777018,0.1282572194267675
522,488,0.073818207,0.185141364
522,49,0.061929275,0.07453869
522,394,0.067733098,0.040207639
522,426,0.080391492,0.08099445
522,624,0.058205861,0.073731579
522,116,0.094627738,0.059314046
522,254,0.130326026,0.133253536
522,304,0.0681888,0.0676048976313839
522,360,0.077458592,0.098429777
522,417,0.07818123,0.093729323
522,308,0.067591932,-0.010331568
522,280,0.072032312,0.10273076
522,537,0.142692892,0.1271660113092665
522,616,0.058281594,-0.048834014
522,318,0.068381895,0.048208274
522,669,0.061230578,-0.219835476
522,627,0.059183993,0.0585495884775597
522,86,0.07318676,0.0615481814432667
522,243,0.125072234,0.1316824106781867
522,36,0.060676368,0.171930006
522,407,0.072464801,0.0728730113411553
522,135,0.062899739,0.062423470778905
522,63,0.074574145,0.0745068065734174
522,65,0.074535069,0.074070102904795
522,53,0.06189771,0.0612563085310448
522,338,0.090241412,0.0892573055653268
522,634,0.059463419,0.0576
522,35,0.059501107,0.053383247
522,565,0.066583099,0.0658676766335457
522,346,0.094176093,0.0937028361561872
522,388,0.068083886,0.0961174872987083
522,167,0.060826318,0.086627082
522,674,0.062590363,0.0616274675522426
522,567,0.066128274,0.0652054789774945
522,563,0.066830268,0.078976635
522,22,0.060362632,0.1446
522,314,0.06821428,0.0671561559457755
522,460,0.07702245,0.07365696
522,309,0.06737668,0.0668686401574239
522,662,0.061121903,0.0601104885964804
522,459,0.07576841,0.074981716656533
522,331,0.08657675,0.0862844838687855
522,21,0.059593519,0.058749478461765
522,72,0.07444127,0.0742776655727445
522,103,0.09424115,0.0936567436142936
526,307,0.070153656,0.069714816192968
526,469,0.082947184,0.0906718977490356
526,642,0.062834083,0.024776773
526,440,0.078313925,-0.000967247
526,628,0.060888585,0.080192117
526,125,0.066093646,0.0750246879960896
526,409,0.080018649,0.0801358822126604
526,626,0.060283038,0.0610378019957704
526,142,0.065024156,0.079234888
526,20,0.061039419,0.0589
526,306,0.07001451,0.0589
526,26,0.062791207,-0.051829275
526,523,0.077931909,0.0763565596560113
526,170,0.061917199,0.0626090943183629
526,155,0.062445423,0.0622746993484289
526,18,0.061269487,0.194730203
526,433,0.082866283,0.040172306
526,17,0.06150403,0.0615678332984981
526,49,0.063362149,0.0751670114583521
526,623,0.059892986,0.0603942327449003
526,479,0.078993181,0.0767976956631829
526,482,0.078178323,0.076456800048655
526,406,0.071325914,-0.050850908
526,639,0.062830671,0.062882138605555
526,415,0.078566913,0.0767714529913138
526,434,0.083640877,0.280780433
526,360,0.079983027,0.090235477
526,39,0.06204401,0.0625465486042316
526,424,0.079500753,0.1005575
526,417,0.080583115,0.0925539779620446
526,537,0.145876424,0.1228480583932439
526,54,0.063921629,0.0642058510474995
526,318,0.069966467,0.14297621
526,243,0.129137569,0.0694130503818358
526,461,0.078576092,-0.024241786
526,554,0.1463244,0.1374118322691753
526,407,0.074604654,0.04760404
526,135,0.064925884,0.0641904631192706
526,63,0.076441096,0.0751991341557841
526,65,0.076112611,0.1140444892762923
526,493,0.076473531,0.0749093548990738
526,217,0.10258941,0.0989880369289759
526,338,0.092547593,0.1293334563170363
526,566,0.06768461,0.089062905
526,634,0.061651491,0.059820335001852
526,35,0.061084432,0.0589
526,509,0.075201733,0.0742932034191721
526,455,0.078652442,0.0762717622580856
526,565,0.06817446,0.0673109590313367
526,346,0.096115387,0.0925299805323527
526,242,0.126875663,0.1196359677604502
526,274,0.073916938,0.0727391072268084
526,674,0.064138222,0.0589
526,505,0.074970406,0.0735649463979715
526,567,0.067177909,0.0667109992246651
526,563,0.068466174,0.0791878481373834
526,476,0.079949607,0.097211582
526,22,0.061787235,0.1386434819934731
526,314,0.069863417,0.0694370126185213
526,460,0.078332379,0.0743681524537897
526,414,0.081864446,0.0793771161035081
526,492,0.077066056,0.0749906840785318
526,662,0.062555551,0.0620948707680724
526,100,0.097132607,0.068663951
526,88,0.075004018,0.0738686628554884
526,459,0.077889005,0.0589
526,615,0.059439564,0.0599846287145649
526,21,0.061272304,0.0589
526,72,0.076120664,0.0750787476539851
526,271,0.074815965,0.0737421399263955
526,103,0.097036437,0.0589
530,469,0.085088425,0.0603
530,628,0.062261926,0.093191925
530,125,0.067875631,0.0783968962616364
530,626,0.062112294,0.073306733
530,20,0.06293816,0.0659851540526003
530,306,0.072247993,0.0640864478416194
530,26,0.064496728,0.127008155
530,155,0.0638868,0.076685221
530,488,0.078662499,0.054296329
530,433,0.084031586,0.0603
530,17,0.062842339,0.167405214
530,426,0.084514545,0.020498459
530,552,0.150571819,0.073412072
530,116,0.100232091,0.107537994
530,415,0.080549884,0.055883465
530,633,0.062963895,0.0667347928879413
530,39,0.063350388,0.0673227117448091
530,424,0.081101793,0.015507957
530,417,0.081703843,-0.0052402929999999
530,537,0.149699339,0.1412768796633932
530,54,0.066040703,0.0685430775020747
530,669,0.064887545,0.0684161757586069
530,627,0.062421675,0.068343931
530,525,0.079336082,0.0801100511646986
530,36,0.064081567,0.033193704
530,461,0.080921654,0.040904232
530,407,0.076179004,0.0603
530,63,0.077961195,0.0785517149329176
530,338,0.094993185,0.1265952135252037
530,677,0.066945994,0.0699154347920654
530,566,0.069383852,0.0908556291308977
530,634,0.06320258,0.0649032330455461
530,509,0.077953949,0.0785540213729623
530,428,0.082651115,0.0835046830085612
530,455,0.080031725,0.179675636
530,565,0.069821553,0.0723174090537493
530,242,0.131203893,0.1179888200355197
530,388,0.071825162,0.0736719482704229
530,476,0.082904099,0.0980874727441297
530,561,0.068035732,0.0707251112247479
530,22,0.063431525,0.0666488309124725
530,314,0.071873397,0.0734379078894036
530,460,0.080377007,0.0778142296068603
530,414,0.082785076,0.1513
530,309,0.071627786,0.0736813449811008
530,100,0.099709037,0.0727518258752879
530,331,0.091471695,0.0908882034479286
530,615,0.061021788,0.0650490415537219
530,72,0.077468598,0.100488057
530,103,0.09981928,0.0640864478416194
534,440,0.08185328,0.17613872
534,628,0.06437654,-0.022847405
534,670,0.066695513,0.0624
534,20,0.064556654,0.0636168053323294
534,313,0.073622713,0.0701414186991843
534,306,0.074370923,0.170769117
534,26,0.065945402,0.1356481171631266
534,523,0.081905128,0.0802527411985409
534,170,0.064923401,0.266764626
534,155,0.065798654,0.0762471225394905
534,114,0.102863255,0.075983089
534,58,0.069527674,0.0652408142801303
534,598,0.064410439,0.129085938
534,355,0.085079764,0.083172917
534,488,0.081526168,0.190835045
534,502,0.074217288,0.053518094
534,17,0.064384785,0.1556
534,49,0.067046957,0.0628023178021159
534,27,0.066175946,0.0624
534,365,0.084164013,0.093735719
534,426,0.08603635,-0.0619463779999999
534,639,0.065776949,0.036901058
534,434,0.087968791,0.0865377165148996
534,424,0.083108514,0.194953426
534,308,0.072728421,0.087817374
534,471,0.087203536,0.0851055867917189
534,616,0.062733709,0.097706382
534,318,0.073867379,-0.034571704
534,669,0.066861743,0.0664863738532834
534,627,0.064274868,0.0664010964225676
534,525,0.081295039,0.0802897786811243
534,638,0.066241065,0.0624
534,461,0.082412288,0.217880662
534,554,0.153526241,0.1556
534,48,0.066435141,0.0625497024148968
534,135,0.068753845,0.0642533255999935
534,419,0.083983291,0.066294381
534,63,0.079941017,0.0624
534,65,0.079517988,0.0771470458963462
534,53,0.067637447,0.0634625900620293
534,202,0.100019256,0.070188336
534,509,0.079980778,0.0784530471961687
534,428,0.084820185,0.1556
534,565,0.071898922,0.1556
534,242,0.134607264,0.072578004
534,274,0.07673558,0.0753906483823794
534,663,0.065697972,0.0624
534,505,0.078116857,0.0756694284293703
534,567,0.07056284,0.0678091507870591
534,59,0.067674413,0.0085296039999999
534,561,0.0703841,0.0692118322538321
534,22,0.065284378,0.0644002069039687
534,161,0.065195431,0.072106574
534,414,0.085322765,0.1556
534,662,0.066172062,0.0624
534,88,0.077705014,0.0754560317023027
534,21,0.06470348,0.0624
534,271,0.07802897,0.0753224049627257
538,628,0.065871124,0.115657218
538,125,0.071763936,0.0735697535722755
538,313,0.075979436,0.0742234557644671
538,26,0.067715249,0.0699906441413297
538,155,0.067268104,0.069842609306246
538,6,0.066132066,0.0679392921785132
538,623,0.06483346,0.0671662018702086
538,394,0.074715111,0.092757576
538,611,0.064871614,0.073989037
538,512,0.083276217,0.135466788
538,254,0.143585307,0.114760968
538,304,0.07613521,0.187443167
538,415,0.084325771,-0.015601739
538,434,0.09029731,0.0907635329248546
538,589,0.068874499,0.073754482
538,537,0.157302175,0.1582568725411133
538,54,0.069531875,0.155810837
538,616,0.064493312,0.1020301365800441
538,619,0.064755404,0.094375538
538,644,0.067960224,0.173222269
538,669,0.068636249,0.051184006
538,461,0.084836689,0.137922978
538,554,0.158537539,0.1592
538,407,0.079955137,0.092809414
538,48,0.068990806,0.0704846776688671
538,135,0.070250798,0.06828372990179
538,63,0.082044471,0.066414152465972
538,65,0.081081081,0.0836822483210748
538,217,0.111079431,0.1127169699311791
538,677,0.071017544,0.07352060029336
538,566,0.073381395,0.0752058609025268
538,509,0.081820978,0.0841490965324875
538,565,0.07386374,0.1592
538,346,0.104934355,0.1065456247506201
538,242,0.137082859,0.076681407512863
538,388,0.075095441,0.0777357295079265
538,505,0.079221874,0.0645
538,567,0.073477848,0.0746485725140447
538,563,0.074095587,0.0763397061764037
538,476,0.086294659,0.0883119503280439
538,22,0.0670168,0.0684318992097932
538,344,0.103503599,0.10713597
538,664,0.067986031,0.070206030448319
538,100,0.105324935,0.1064448830243924
538,88,0.080260662,0.0645
538,331,0.096105965,0.0977377023697233
538,215,0.111676703,0.071513776
538,72,0.081449207,0.0837938433931108
538,271,0.080136216,0.0821801731032412
542,307,0.077923842,0.0767528298444414
542,421,0.087519333,0.115288716
542,47,0.07008719,0.0707488719373075
542,440,0.087099745,0.113838833
542,409,0.088798821,0.0887293175710531
542,313,0.077129659,0.04077162
542,26,0.06981602,0.0710627292417619
542,58,0.072888815,0.0725327724382929
542,430,0.092787489,0.1980635
542,27,0.069523964,0.017394226
542,406,0.079132451,0.0781635838606749
542,304,0.077775982,-0.0417363189999999
542,434,0.092675641,0.119856265
542,417,0.088290573,0.0884776040648936
542,471,0.091508562,0.0911729654853377
542,627,0.067310811,0.182681572
542,554,0.161941299,0.1633
542,407,0.081985268,0.0951144547447758
542,48,0.070820902,0.0715834566458774
542,135,0.072121488,0.0692635861240186
542,63,0.084088203,0.0837678547441971
542,65,0.083486004,0.088151377
542,338,0.102593932,0.076902561
542,556,0.162169841,0.137731643
542,634,0.068111968,0.0670480446530542
542,509,0.083298235,0.020342521
542,428,0.08958375,0.0896571497236163
542,346,0.108408201,0.1095928675808619
542,274,0.080956934,0.080541602
542,674,0.071812641,0.0709261222620419
542,505,0.081261547,0.108788955
542,567,0.075330237,0.083537463
542,314,0.07701521,0.068205986
542,662,0.069195281,0.0685855091887089
542,459,0.087090695,0.0867415208032216
542,331,0.098650585,0.100309030955607
542,215,0.113948262,0.100144274
542,615,0.066242965,0.0661
542,21,0.068302493,0.0675940672275815
542,72,0.083159366,0.085611750136554
542,103,0.107936147,0.133450721
546,469,0.095264084,0.0969925793056285
546,335,0.103511021,0.098025924
546,626,0.06875808,0.061564246
546,20,0.070294214,0.0724432528234716
546,174,0.070631835,0.0726067887293776
546,58,0.075393813,0.220766991
546,389,0.079948135,0.099060618
546,382,0.082137508,0.0843943565401377
546,502,0.079471889,0.077403127
546,49,0.071515202,0.0744465016785043
546,482,0.089278328,-0.001188452
546,426,0.092895079,0.0957391196501847
546,624,0.068307982,0.293710583
546,435,0.092956754,0.225273547
546,616,0.06835534,0.166523701
546,318,0.080017227,-0.0692115419999999
546,473,0.092407105,-0.0108696789999999
546,461,0.089879364,0.104569419
546,554,0.166349125,0.0676
546,48,0.073522621,0.077365174
546,338,0.105629779,0.0814149247649175
546,677,0.074834743,0.184535315
546,634,0.07003583,0.0708833886032717
546,35,0.070267605,0.0728045198763995
546,428,0.091903289,0.1667
546,346,0.111206198,0.1634892402325489
546,485,0.088435356,0.071747096
546,663,0.07113743,0.0727529988469607
546,563,0.077876862,0.0802080006465288
546,561,0.075888644,0.0781329574950644
546,22,0.070552356,0.0725108257490745
546,460,0.089573983,0.0918897060952169
546,309,0.079174633,0.0814286030751042
546,662,0.070963459,0.076609408
546,459,0.088935329,0.0919298356253297
546,103,0.110974131,0.109378717
550,307,0.081431369,0.0821198079174235
550,469,0.096821671,0.1340239905606333
550,47,0.074689655,0.0754788393130053
550,125,0.077265827,0.0778486498694481
550,670,0.074356372,0.166232498
550,313,0.081192784,0.0818115647288385
550,523,0.090747862,0.0902758562947972
550,18,0.071967378,0.0727961541648894
550,302,0.081985865,0.0824619047048531
550,488,0.090783601,0.0903210051452411
550,430,0.096758572,-0.058574792
550,502,0.081597689,0.0799794858902732
550,17,0.07186749,0.0730693747911386
550,479,0.093036828,0.113851342
550,406,0.083614023,0.0834911203131601
550,426,0.095256561,0.0973209955870236
550,310,0.080788922,0.282342164
550,435,0.09514871,0.066722804
550,639,0.07235495,-0.0883826509999999
550,304,0.081741178,0.025431253
550,514,0.0907233,0.108257986
550,434,0.097449644,0.055119456
550,633,0.071644361,0.15010869
550,39,0.073030557,0.0743762911066482
550,308,0.081437274,0.0337840049999999
550,439,0.091661003,0.073408208
550,198,0.112439814,0.1103931760580245
550,537,0.169003299,0.1626948081798098
550,616,0.06993608,0.1642664578413331
550,644,0.072401298,0.237720991
550,473,0.095309155,0.0694
550,243,0.149303783,0.1451192964402542
550,525,0.08986151,0.079428047
550,36,0.073144246,0.226877135
550,638,0.072206345,-0.1301264549999999
550,241,0.148601427,0.089323243
550,461,0.09160297,0.1056723690153112
550,554,0.170077065,0.1704
550,407,0.08786847,0.0860755642940746
550,135,0.076108181,0.0767729093250339
550,63,0.087565193,0.087780952458333
550,493,0.089715652,0.0897074780615696
550,217,0.12098854,0.1171261627068504
550,53,0.075645122,0.093581348
550,338,0.108292723,0.0837736971538242
550,677,0.076849831,0.1704
550,634,0.071587181,0.073813356312009
550,428,0.094176818,0.137077409
550,455,0.091625269,0.0914614879192656
550,565,0.079631825,0.0800737245870091
550,346,0.113496529,0.1704
550,242,0.149496163,0.1435838184435279
550,388,0.081362479,0.081789891616082
550,274,0.085067545,0.0853517612046686
550,505,0.086058268,0.0856556482072982
550,567,0.079176971,0.0800959802899847
550,476,0.093022995,0.0930336312692536
550,561,0.078089176,0.0806697328187381
550,314,0.081032821,0.0819834439756496
550,460,0.091429348,0.1704
550,161,0.072458242,0.093468283
550,414,0.094202846,0.0935735978259093
550,492,0.090103781,0.0902355525899569
550,100,0.11336111,0.1113372247315767
550,88,0.085210353,0.0855674302400005
550,459,0.091444101,0.1704
550,331,0.104008322,0.1024400383684925
550,215,0.119634452,0.091729491
550,72,0.087417639,0.087324631103214
550,103,0.113781716,0.1102208267668321
554,440,0.094568201,0.157335667
554,628,0.072725635,-0.0055163909999999
554,125,0.078878874,0.1487661023354464
554,670,0.076653237,0.047719871
554,20,0.073906319,0.0708
554,313,0.083432152,0.0708
554,306,0.084197688,0.0806439382104234
554,658,0.074343636,0.094733327
554,302,0.084322036,0.0806527588571696
554,433,0.097128412,0.0948262965752497
554,430,0.098974551,0.0708
554,382,0.085438261,0.140545188
554,502,0.08367583,0.085383095
554,49,0.077612823,0.041453447
554,27,0.075301533,0.0715066947391766
554,310,0.083162841,0.1742
554,512,0.091562947,0.116101955
554,304,0.083892916,0.0708
554,514,0.091953374,0.1094686129500563
554,415,0.093820847,0.0914221565073374
554,39,0.07530637,0.0723064068051269
554,424,0.09502992,0.0924891037804223
554,308,0.083504586,0.050275929
554,471,0.098788177,0.2968665650000001
554,198,0.115577097,0.0708
554,537,0.171979096,0.1742
554,224,0.131516385,0.098830534
554,54,0.078026568,0.0744934850617381
554,318,0.083943881,0.0804649323870498
554,644,0.074653406,-0.030077224
554,86,0.087351711,0.0843925803620421
554,243,0.153316401,0.1544885676571107
554,525,0.091393742,0.240130472
554,554,0.173491143,0.1742
554,218,0.124316477,0.117068327
554,28,0.075229679,0.076660379
554,65,0.089585172,0.1223341963879836
554,217,0.123162048,0.1742
554,428,0.096535243,0.25585848
554,455,0.093378702,0.0912254742921506
554,565,0.081815843,0.0785554801811976
554,346,0.11654285,0.1742
554,242,0.152749277,0.1742
554,274,0.087804965,0.0843445496313341
554,674,0.077563213,0.0733508614217169
554,567,0.081013265,0.0775719006475722
554,563,0.08187832,0.0784144292574575
554,414,0.096183427,0.070720619
554,664,0.075857704,0.079550267
554,467,0.095593021,0.083367308
554,615,0.071992041,0.0708
554,72,0.089140115,0.1067524361649808
554,271,0.088731856,0.0853953042889968
558,440,0.095676382,0.1571559839138894
558,555,0.177195396,0.160298343
558,626,0.074008235,0.0772538298226367
558,20,0.075830826,0.0785632767021477
558,313,0.0857594,0.237043745
558,114,0.119417727,0.15546794
558,181,0.075283738,0.106649937
558,430,0.101844038,0.1048788877352214
558,382,0.087488667,0.141338897581249
558,479,0.097200929,0.096057138
558,27,0.077268074,0.079350733
558,429,0.101487925,0.080660245
558,639,0.076604313,0.231309087
558,434,0.100904645,0.1028457379521668
558,424,0.097426162,0.225027761
558,308,0.085675083,-0.0320451799999999
558,198,0.118777065,0.1130693
558,54,0.07970998,0.088438951
558,616,0.073655216,0.076304315
558,644,0.076296157,0.108520767
558,86,0.089611674,0.0912292004104703
558,243,0.157205918,0.1544739391607835
558,36,0.077323644,0.19465119
558,554,0.178188738,0.086557417
558,48,0.078771748,0.081186135453257
558,63,0.091999271,0.0936724579258041
558,65,0.091288271,0.097869318
558,217,0.1274055,0.1249635085222249
558,53,0.08001329,0.065793123
558,677,0.080937819,0.062578147
558,428,0.099149826,0.1782
558,455,0.096442661,0.092647148
558,563,0.08403838,0.116274836
558,561,0.08141046,0.0844987276104849
558,314,0.085225473,0.0873262700110813
558,414,0.098025836,0.0755622609520972
558,88,0.089502127,0.091361254712149
558,459,0.096298995,0.0976315227783838
558,72,0.091556629,0.0929139254540881
558,271,0.090463354,0.0893862122592869
562,307,0.088037198,0.084200144650264
562,47,0.081675989,0.108428181
562,642,0.07885596,0.173410194
562,628,0.07640715,0.075
562,670,0.080463546,0.07932498
562,20,0.078082644,0.110064173
562,313,0.087542123,0.1821
562,306,0.088217354,0.083160547
562,170,0.077969803,0.098048534
562,488,0.097412639,0.0946840400474963
562,433,0.102391455,0.0992971503037003
562,6,0.076746013,0.075
562,502,0.087624761,0.017200061
562,17,0.077028669,0.060978939
562,394,0.086874174,0.106642175
562,427,0.101580172,0.111684244
562,639,0.078079989,0.1821
562,304,0.088124784,-0.0211331869999999
562,434,0.104477612,0.113492487
562,39,0.078598112,-0.0029354189999999
562,308,0.08736055,0.075
562,471,0.103367804,0.03238466
562,616,0.07525999,-0.09944168
562,669,0.080602602,-0.054904949
562,541,0.180595334,0.077482147
562,554,0.181217246,0.0849364891565099
562,63,0.093331987,0.075
562,65,0.093272967,0.0975662730662778
562,493,0.097095676,0.0943057416603867
562,53,0.081780213,0.0185198359999999
562,634,0.077670551,0.075
562,346,0.123389719,0.1218289992241464
562,242,0.159286959,0.144791872
562,663,0.079060565,0.075
562,309,0.086931912,0.339489664
562,100,0.123044307,0.1215784233242083
562,122,0.123287674,0.08508954
562,21,0.077998464,0.075
562,72,0.093382723,0.1693655649699695
566,307,0.090145234,0.0865403796144493
566,47,0.081314533,0.1103078906912794
566,555,0.185159775,0.135604377
566,409,0.101731031,0.1028935272620316
566,670,0.08281252,0.0817578818439362
566,20,0.079685952,0.1119127858392112
566,523,0.09925423,0.204684515
566,170,0.079305764,0.1001255394893515
566,155,0.080215163,0.0810749887522499
566,58,0.086045221,0.085762740691556
566,598,0.078842486,0.169958793
566,488,0.099034987,0.050515259
566,430,0.105694346,0.1061917883260383
566,49,0.08321388,0.0827822700405721
566,623,0.077841706,0.0781162627710744
566,394,0.088653214,0.1085558330017693
566,482,0.099906843,0.09644443
566,310,0.088957036,0.247620244
566,639,0.080020236,-0.028716847
566,304,0.090369173,0.04789314
566,415,0.100843834,0.199227173
566,417,0.102250168,0.1025804593447434
566,471,0.10458604,0.0767
566,198,0.125398584,0.1230992373411629
566,537,0.184087562,0.1810796797059862
566,54,0.084113424,0.0844546544986547
566,616,0.07696654,0.0767
566,86,0.093269751,0.0937286727875794
566,243,0.164151189,0.161031307998981
566,638,0.079637835,0.0355061069999999
566,554,0.18543863,0.0872627277220685
566,48,0.083183377,0.0829462722917025
566,135,0.083164122,0.0843651546698497
566,65,0.094931956,0.0996524453467348
566,493,0.098944345,0.0964538899546585
566,217,0.133016753,0.1306703397563935
566,338,0.119642568,0.1191412728565697
566,566,0.08694153,0.0875333155870257
566,634,0.078702203,0.106416163
566,455,0.101755936,0.1015151265018718
566,565,0.087265131,0.0876834750593207
566,346,0.125698854,0.1854
566,242,0.162552353,0.1459803825169056
566,274,0.093906682,0.0936193068887443
566,674,0.083673656,0.0841752689434467
566,505,0.094040151,0.0938994272069986
566,476,0.102556712,0.1022584997155026
566,22,0.08021673,0.0804768778985942
566,314,0.089555431,0.0897605530732715
566,460,0.100932563,0.1011530099630125
566,662,0.080977689,0.0819906280940509
566,100,0.124874657,0.1854
566,615,0.077329525,0.077848867881709
566,72,0.095319018,0.1533442425133704
566,103,0.125874424,0.1238723022412093
570,47,0.083821328,0.08413261270146
570,628,0.080367039,-0.129892489
570,125,0.086936364,0.0877862258016349
570,670,0.084204043,0.0784
570,626,0.079518713,0.080606632717423
570,20,0.081111255,0.1897
570,306,0.091966735,-0.0069515959999999
570,26,0.083473508,0.054166933
570,523,0.100590987,-0.050548017
570,170,0.081002621,0.1036250855719201
570,174,0.081203085,0.193067362
570,18,0.081247782,0.074624688
570,389,0.091052958,0.111209748
570,418,0.103246588,0.110122928
570,488,0.10186318,0.0784
570,6,0.080650254,-0.060385709
570,502,0.092121738,0.085903049
570,17,0.081108903,0.0821549164745015
570,394,0.089993201,0.1390091699719032
570,27,0.083182378,0.0839531050253445
570,639,0.081676401,0.080201159
570,415,0.103423374,0.124556744
570,471,0.107742627,-0.1990507569999999
570,537,0.188264583,0.1875119516371379
570,506,0.092893698,0.079627442
570,86,0.095199737,0.0969964795634736
570,525,0.099892065,0.203016558
570,36,0.082687779,0.101987883
570,638,0.081777168,0.0784
570,503,0.091962652,0.112271199
570,48,0.084711505,0.0858234650167351
570,135,0.085107228,0.097829285
570,63,0.097849496,0.09942714088397
570,493,0.101868939,0.1024010999467248
570,217,0.135251116,0.1352764323978317
570,53,0.086112989,0.103532141
570,677,0.08695905,0.168250801
570,509,0.098139355,0.0995561055518063
570,565,0.089560546,0.07884685
570,476,0.104896809,0.119303808915745
570,511,0.099571755,0.091438136
570,22,0.082158432,0.0784
570,161,0.08138357,0.078985792
570,72,0.097583714,0.1587717426890705
574,47,0.086119358,0.084869010540799
574,642,0.084367914,0.0839071882022851
574,409,0.10677891,0.1041751640271668
574,26,0.08508625,0.012466982
574,155,0.084143984,0.0833399687890773
574,174,0.082716828,0.1868712645301071
574,302,0.094601468,0.0933484552945955
574,382,0.095689184,0.0943085082849305
574,502,0.09387779,0.0868126988048222
574,479,0.106430229,0.1037921351599218
574,27,0.084651981,0.0849920498230228
574,426,0.109624,0.1066185386255421
574,435,0.109514896,0.1068251051235404
574,304,0.094011873,0.092668320655706
574,415,0.105616659,0.207090077
574,589,0.085357436,0.088225017
574,424,0.105981558,0.116545302
574,417,0.106437411,0.1044916448616399
574,537,0.191987323,0.1816842169266445
574,318,0.094673759,0.121877173
574,377,0.109743015,0.100043326
574,644,0.083713903,0.0831095744464746
574,243,0.170397226,0.1634300537814363
574,525,0.101748307,0.1928999999999999
574,461,0.106263579,0.1037925926694773
574,554,0.191691332,0.1837055495695015
574,407,0.101073229,0.0986957018643448
574,135,0.086659401,0.0979481415212912
574,63,0.099998348,0.110559984
574,65,0.099162597,0.0974079366467958
574,493,0.103183655,0.0805
574,217,0.138404941,0.1328886420652923
574,53,0.087198267,0.354335307
574,677,0.088794425,0.1637002159750341
574,566,0.091008317,0.0899910270237648
574,634,0.082482486,0.081887838128406
574,455,0.106191885,0.1040186294669872
574,565,0.091993662,0.0805
574,242,0.169655976,0.1619690455680024
574,674,0.087601831,-0.0404471379999999
574,485,0.104834788,0.097182388
574,505,0.097510191,0.0959685975798189
574,563,0.091230313,0.0904078322342138
574,561,0.08973269,0.0888335110418929
574,22,0.083799855,0.0805
574,460,0.10609766,0.1032858261413307
574,414,0.107518965,0.1049635967799995
574,492,0.103836738,0.1008492329549994
574,309,0.093024898,0.0915822079100521
574,662,0.084713864,0.0841588707446129
574,100,0.130431987,0.12576258433839
574,88,0.097038414,0.0953489307650781
574,459,0.105334636,0.103240178825701
574,21,0.083385032,0.0824190590091402
574,271,0.098609963,0.0972974508902231
574,436,0.109479374,0.092138571
578,469,0.112776904,0.1167132662830374
578,628,0.08347183,0.0126116609999999
578,125,0.090501482,0.094103959079211
578,626,0.083794124,0.0876224577594383
578,26,0.087570774,0.094675885
578,246,0.175354162,0.087816981
578,174,0.084665302,0.1926370587276712
578,256,0.180739399,0.195319541
578,433,0.11144166,0.1149778715409379
578,479,0.108458554,0.120494612
578,51,0.088425767,0.102493658
578,435,0.111142917,0.1152955425367372
578,304,0.09593147,0.125871954
578,633,0.084073203,0.0884511056293898
578,308,0.094945092,0.0992286079632133
578,471,0.112029865,0.090190134
578,148,0.086958541,0.102046917
578,97,0.133636187,0.117569347
578,198,0.132833306,0.1363479297249289
578,537,0.194713963,0.1874510070317438
578,54,0.089766921,-0.0589175999999999
578,318,0.096475566,0.050196901
578,627,0.083777598,0.227783742
578,243,0.173559384,0.1761661831951614
578,525,0.102806675,-0.100949878
578,36,0.086162351,-0.0199102389999999
578,554,0.197022447,0.197
578,135,0.088641606,0.1037310088623903
578,63,0.101900167,0.1163404298809704
578,53,0.089511708,0.116415232
578,677,0.091170414,0.1694704589888841
578,81,0.098764804,0.090065759
578,35,0.085032682,0.0893162274950288
578,428,0.110047801,-0.071148352
578,565,0.093159932,0.0977776725947332
578,674,0.089501349,0.0817
578,505,0.098869849,0.240753284
578,567,0.092119588,0.08922425
578,561,0.091670109,0.112274206741344
578,22,0.085449667,0.106334344
578,314,0.096101784,0.0993870545358005
578,277,0.099246695,0.117702184
582,47,0.088880226,0.210920937
582,606,0.084814621,0.086374221
582,125,0.092407605,0.2
582,670,0.090014155,-0.008809625
582,20,0.0863663,0.0886833220385524
582,306,0.097367569,0.0991824026616107
582,26,0.089232157,0.0983347071377628
582,114,0.136559136,0.089456752
582,433,0.113055171,0.1181745615093831
582,382,0.099622188,0.0475147209999999
582,502,0.097645725,0.0993402372022333
582,623,0.084864859,0.317753004
582,482,0.10957206,-0.094603077
582,310,0.096044188,0.117287817
582,308,0.096856317,0.1027837969055226
582,471,0.113613042,0.0939510648568514
582,537,0.198522087,0.2
582,616,0.084244715,0.020255362
582,318,0.098458559,0.0836
582,627,0.085529598,-0.0290717659999999
582,86,0.100496032,0.1021619712048747
582,243,0.176251541,0.1779700495034872
582,525,0.105840311,0.053297235
582,36,0.088147823,-0.049414784
582,461,0.11110599,0.1113810852470117
582,407,0.103158407,0.1058510041075111
582,63,0.10341241,0.1740574050178102
582,217,0.143655254,0.1436045129795098
582,338,0.130084429,0.1308442053943405
582,35,0.086785289,0.0930970510017009
582,565,0.094616304,0.122139206
582,242,0.174519725,0.173959613878844
582,388,0.097126514,0.0990482641660935
582,274,0.1011921,0.1031419826770556
582,674,0.091178264,0.1913315492504884
582,460,0.110671797,0.1120417561581775
582,492,0.107602482,0.097336909
582,309,0.096825191,0.098694657763542
582,664,0.089087473,0.0910907700556363
582,331,0.124468658,0.1262671473701387
582,467,0.112706002,0.122441877
582,122,0.137085993,0.129481166
582,271,0.102108866,0.1035771033575012
582,103,0.13605968,0.1360073623441444
586,307,0.099555887,0.0951385127405544
586,469,0.116593861,0.291973391
586,440,0.112813648,0.107499588418823
586,628,0.086831393,-0.0065083549999999
586,125,0.094162945,0.0892074623859175
586,409,0.112885916,0.1088781864304613
586,313,0.099693339,0.069798285
586,306,0.098456901,-0.075145647
586,523,0.108214129,0.1036633595564415
586,174,0.088050945,0.168386704
586,18,0.08861457,-0.1040743309999999
586,488,0.109977827,0.1054296826537994
586,430,0.116491861,0.1682462277645377
586,6,0.087401852,0.0853
586,49,0.092173847,0.087096130284634
586,656,0.088867213,0.118109984
586,623,0.086155202,0.2034
586,479,0.112529882,0.225671532
586,27,0.090633371,-0.126305831
586,427,0.114274501,0.103638596
586,426,0.115574173,0.213382783
586,624,0.086310985,0.0853
586,434,0.117292651,0.1130363239589502
586,39,0.090057482,0.0853
586,198,0.137649238,0.1338574232619676
586,537,0.201466698,0.1992240855901033
586,318,0.099889075,0.0853
586,473,0.115034825,0.087591715
586,627,0.086814237,0.0853
586,86,0.101757285,0.0975933246056809
586,243,0.180078403,0.1761345861961046
586,525,0.106929416,0.0853
586,461,0.112760864,0.1426082108937842
586,554,0.202108642,0.2002032098050954
586,48,0.090516935,0.0858553556834294
586,135,0.092159244,0.0872647811015885
586,63,0.105020968,0.1738597653887871
586,65,0.104325832,0.0999666834417532
586,493,0.10992072,0.1048877241155928
586,53,0.093026818,0.0875742028744377
586,338,0.132519436,0.1969899591388866
586,677,0.094763565,0.089495729843752
586,634,0.087356422,0.113301796
586,35,0.088027457,0.323384204
586,455,0.112510891,0.1081594643270651
586,565,0.095975232,0.1200323816883949
586,346,0.138474111,0.1341469327737811
586,274,0.102323339,0.1003365746613565
586,674,0.092914017,0.1917691306460318
586,663,0.090166382,0.0853
586,505,0.102301697,0.0979147916065169
586,567,0.095765594,0.090568467397581
586,563,0.096335345,0.0919561869375226
586,476,0.113441877,0.1088143803135747
586,561,0.094264813,0.0898858571323675
586,22,0.088900556,0.0853
586,314,0.099096995,0.0947589387636687
586,460,0.112908296,0.1095636189556047
586,414,0.114181044,0.1090651725768138
586,309,0.098654642,0.1585915172059707
586,662,0.090289071,0.0853
586,100,0.138919652,0.152601874
586,88,0.101571274,0.0968171984582866
586,459,0.112418372,0.1077609858324388
586,331,0.126954232,0.0853
586,615,0.086035229,0.0853
586,21,0.088587467,0.090951011
586,72,0.104121442,0.0999405536534118
586,271,0.104097215,0.1007876960073471
586,103,0.138710672,0.1344105108776839
590,642,0.090556226,0.0863688283849157
590,626,0.088384658,0.086
590,313,0.10097523,0.086
590,306,0.09997706,0.086
590,523,0.108823787,0.057020226
590,155,0.090865137,0.0862562130915446
590,433,0.117018545,0.377050967
590,6,0.089052792,-0.093335361
590,382,0.102923284,0.1003691529578599
590,513,0.106717217,0.093295114
590,406,0.10248845,0.0997468522006466
590,624,0.08765415,0.086
590,435,0.117343097,0.123988191
590,514,0.11035326,0.1080973978536457
590,434,0.119268174,0.201411439
590,39,0.09113013,0.086
590,424,0.114152248,0.206960248
590,471,0.117348566,0.1166683873997339
590,148,0.091678171,0.102624092
590,198,0.139965521,0.1417388913620874
590,537,0.204794689,0.2068
590,54,0.095138619,-0.1450453399999999
590,616,0.087267485,0.086
590,318,0.101476271,0.271757459
590,377,0.117407159,0.123752833
590,86,0.10330188,0.096368473372953
590,36,0.091039293,-0.0297177909999999
590,547,0.20507949,0.134100402
590,135,0.093416067,0.0902134144172544
590,65,0.106083473,0.086
590,53,0.094167968,0.086
590,509,0.106756201,0.1054339052603794
590,428,0.116182812,0.068862238
590,455,0.114922227,0.113265260022859
590,242,0.182443422,0.100358591
590,388,0.100113912,0.123142745
590,674,0.09418378,0.0910683285509006
590,485,0.113075258,0.135438382
590,567,0.096656879,0.0884115781023866
590,563,0.098019564,0.09494358861325
590,253,0.1885453,0.146020601
590,22,0.090578388,0.086522372967251
590,314,0.100563194,0.108471133
590,492,0.11150794,0.1096501362591105
590,662,0.091474608,0.086
590,459,0.114023302,0.086
590,615,0.087107031,0.086
590,21,0.089823533,0.0888448765013011
590,271,0.105020975,0.099986664881393
590,436,0.11694778,0.126233219
590,103,0.141526222,0.1429411534044931
594,469,0.120283816,0.1243247361633754
594,628,0.089648323,0.048451762
594,20,0.090983219,0.0947219849546197
594,523,0.110233305,0.0328606549999999
594,174,0.090875148,0.0946292208718696
594,623,0.088638215,0.07444545
594,310,0.101397609,0.055373996
594,624,0.089167773,-0.01298446
594,384,0.103845793,0.097050924
594,429,0.120534596,0.129287284
594,639,0.091081235,0.094696209136835
594,304,0.102118874,0.056658346
594,514,0.110498818,0.116082286177919
594,415,0.114380616,0.1188660713841424
594,417,0.116442727,0.101096578
594,471,0.119668618,0.1233446404877443
594,537,0.206975267,0.090199124
594,644,0.091395257,0.062669523
594,473,0.117828703,0.44638143
594,36,0.092492399,0.0868
594,461,0.115433782,0.1201754534434259
594,48,0.093188627,0.0975051659427848
594,63,0.108259442,0.1121762126463518
594,81,0.104773261,0.1078464
594,35,0.091177786,0.093840694
594,509,0.107706364,0.1109751333107189
594,242,0.18392414,0.1057060671122446
594,274,0.105922094,0.1102418697851494
594,674,0.095991869,0.0960611455696239
594,563,0.099462463,0.100084345071618
594,476,0.116775568,0.111888886
594,561,0.097177536,0.092628019
594,664,0.093450784,0.0970896435230326
594,100,0.143153769,0.1476033269423187
594,459,0.115421672,0.1563662682197842
594,331,0.131029194,0.1354304727476086
594,21,0.091064665,0.1192955697205621
594,271,0.107342806,0.1053199425809658
598,440,0.118390249,0.091509767
598,626,0.090916739,0.11664345
598,306,0.103230443,0.1038334630326788
598,523,0.111056502,0.098943997
598,170,0.092125285,0.0926974824737792
598,155,0.092891704,0.0935522024277867
598,114,0.145513232,0.166957924
598,174,0.0916773,0.121578578
598,389,0.102931433,0.175507997
598,302,0.104720729,0.389538871
598,430,0.121775856,0.102442855
598,382,0.105710634,-0.074933937
598,513,0.109629525,0.09098918
598,49,0.09543794,-0.0155563149999999
598,623,0.090007053,0.0889
598,394,0.102554807,0.1025631574303464
598,317,0.104098046,0.131478362
598,27,0.094857765,0.0953947150700597
598,426,0.120341497,0.1196883524251243
598,624,0.090337574,0.0889
598,304,0.103961629,0.0889
598,360,0.120463237,0.116085232
598,308,0.103739947,0.1039811515291137
598,537,0.210270761,0.0919234109292102
598,54,0.098013774,0.099678948
598,627,0.0906755,0.0909603212152588
598,525,0.110145892,0.111046618
598,36,0.093843619,0.148972872
598,638,0.092301299,0.0927687622851379
598,241,0.185848518,0.142318118
598,461,0.117952168,0.313642177
598,503,0.104552952,0.101933087
598,493,0.115810639,0.1150174961011111
598,53,0.097049052,0.0974153809103309
598,252,0.191531698,0.195090867
598,677,0.099018339,0.2686732119999999
598,202,0.142530347,0.178250122
598,634,0.091782187,0.0917534897558927
598,35,0.092158885,0.0955131000821596
598,428,0.118967986,0.234041439
598,505,0.106455882,0.1064968350077428
598,567,0.099286309,0.0996399369779844
598,476,0.118137789,0.1133041624680944
598,22,0.093202086,0.0934503780688583
598,460,0.118215638,0.1179423450177016
598,309,0.102919133,0.10264912397811
598,100,0.145138331,0.1485097856620174
598,331,0.133038135,0.1365103561128982
598,615,0.090187304,0.0906950974259523
598,21,0.092774992,0.1206053243875491
598,271,0.108803925,0.0889
598,103,0.145709291,0.15534804
602,628,0.092130467,0.0977678899736992
602,20,0.093958634,0.0993295243073166
602,313,0.105883788,0.1126123101019597
602,26,0.096104579,0.109596668
602,523,0.112823035,0.331718866
602,422,0.117838712,0.142125888
602,18,0.094045023,0.0993265754477844
602,302,0.105944632,0.116185158
602,488,0.116801055,0.142283992
602,433,0.120790142,0.082157878
602,430,0.123579877,0.1105395991534588
602,6,0.092925099,0.0435703739999999
602,382,0.107210949,0.0893
602,502,0.105479877,-0.012005076
602,17,0.093156733,0.0989000038515291
602,394,0.103540673,0.1893432246247386
602,27,0.096154263,0.1025885759643465
602,195,0.106973919,0.124085932
602,426,0.121873164,0.143385336
602,310,0.103507358,0.1107033307998386
602,624,0.091736638,0.10852776
602,435,0.122264136,0.070856997
602,639,0.093770029,0.214387669
602,514,0.113835611,0.122220486385555
602,434,0.123530627,0.1326154599064946
602,633,0.092521422,0.0982941350527254
602,424,0.118911064,0.1272121847160879
602,417,0.119097148,0.1283493784387814
602,198,0.145980781,0.1578608640849936
602,537,0.211906523,0.116351388
602,318,0.106105441,0.08454647
602,644,0.093881519,0.0993011310993729
602,669,0.097226532,0.1031294659889925
602,627,0.091638103,0.0975861258541544
602,86,0.107553658,0.1142021503785313
602,243,0.188893273,0.2068564585182953
602,36,0.095648028,0.114708553
602,554,0.212490602,0.2142
602,407,0.110642932,0.1188551201862785
602,48,0.096847358,0.1015820649226731
602,135,0.097617736,0.1037989496071831
602,63,0.111207841,0.1182611111274371
602,65,0.109913274,0.1174148549997481
602,493,0.116461338,0.104978288
602,217,0.153829927,0.1668598132091015
602,338,0.139964973,0.1500480175607851
602,677,0.100101195,0.2142
602,566,0.100791469,0.1078873098313251
602,634,0.092469983,0.1924126455826972
602,35,0.093454431,0.1651820847349664
602,509,0.110452011,0.1182740504613445
602,455,0.119707223,0.1284804221915868
602,565,0.101552426,0.1086447617423458
602,674,0.098478662,0.1046295476743112
602,663,0.095747942,0.1013359671397129
602,505,0.1080246,0.097848394
602,567,0.100809696,0.114531835
602,563,0.102575439,0.109135743470142
602,476,0.119655568,0.2006734953915282
602,561,0.099931912,0.1061303490889266
602,22,0.094392523,0.1003951648320943
602,460,0.119458642,0.2041577173258651
602,414,0.120069122,0.138137406
602,309,0.104709475,0.0893
602,664,0.096065244,0.1018260836130098
602,100,0.147255508,0.1625078117011395
602,88,0.1066391,0.1138610302787723
602,459,0.119231407,0.1280043663859291
602,615,0.091179804,0.096714083320209
602,21,0.093648497,0.1310287234766716
602,271,0.109309061,0.0893
602,103,0.147126914,0.1702220624615963
606,307,0.107248441,0.0976283467591518
606,440,0.12135715,0.274248724
606,670,0.09767566,0.0907
606,20,0.09507517,0.0907
606,306,0.105765786,0.0962962667691948
606,170,0.094278886,0.0907
606,518,0.1176261,0.142161777
606,155,0.095326969,0.0907
606,114,0.15067859,0.144978547
606,488,0.118316014,0.275931572
606,433,0.122524743,0.0907
606,430,0.1250146,0.1025069054748341
606,382,0.108495261,0.0907
606,17,0.094332546,0.0907
606,27,0.097267517,0.082576345
606,406,0.107216576,0.0983631233852536
606,310,0.105152627,0.1026731417457965
606,624,0.092645717,0.1004642909525861
606,552,0.215916068,0.184780547
606,435,0.123312863,-0.1010865139999999
606,639,0.094781269,0.2079435529380673
606,474,0.122358472,0.139185454
606,570,0.101815733,0.126350311
606,434,0.124570715,0.0907
606,198,0.148146952,0.1505520500352814
606,537,0.215617582,0.1084075980216385
606,377,0.124062503,0.148303682
606,86,0.10967268,0.1062254832288998
606,638,0.094785561,0.0907
606,547,0.215281186,0.109403762
606,407,0.112470829,0.1109496301292848
606,48,0.098009871,0.107335462
606,63,0.113145446,0.1103465344355509
606,65,0.112686164,0.1094873330162988
606,493,0.117529442,0.0968605222114083
606,53,0.100120181,0.0907
606,338,0.14133055,0.2168
606,566,0.102170768,0.0998140437332385
606,509,0.112199554,0.1103596717041551
606,428,0.121836331,0.1126409860190812
606,455,0.121269422,0.1118147676720966
606,346,0.147711322,0.1391208906123005
606,674,0.099609313,0.2168
606,505,0.109092778,-0.0542749809999999
606,567,0.101965925,0.1065602110794916
606,563,0.103096834,0.0944209165134424
606,476,0.121437108,0.248987844
606,59,0.098591486,0.0907
606,314,0.10650853,0.152517976
606,492,0.118269545,-0.1767031239999999
606,662,0.096865933,0.0907
606,664,0.097298285,0.204580997474177
606,100,0.149835369,0.0907
606,459,0.120233879,0.1113316730520088
606,615,0.092567301,0.0907
606,21,0.095158125,0.1233094546342868
606,72,0.11236954,0.101844528516101
606,271,0.110366495,0.0907
606,103,0.150064835,0.1631023392932609
610,307,0.108387264,0.1060756394169848
610,47,0.097820227,0.1055911760049049
610,409,0.122335309,0.1261080711447848
610,670,0.099273593,0.1000301868957181
610,170,0.095234123,0.1000301868957181
610,155,0.096445805,0.1000301868957181
610,389,0.106365201,0.097286074
610,430,0.126670601,0.1299720030746265
610,6,0.095059996,0.1029412319955701
610,382,0.109593902,0.1155577592327903
610,513,0.113233193,0.136322697
610,502,0.107569118,0.1130938746077252
610,623,0.093565784,0.1015226129570257
610,406,0.108935542,0.1144420198326304
610,310,0.106902607,0.2000377149930287
610,435,0.125366008,0.0915
610,678,0.102678391,0.102705365
610,304,0.108610762,0.1140924525797474
610,514,0.115421737,0.1212548479823728
610,633,0.09500607,0.326503117
610,417,0.121687395,0.1254706280574141
610,198,0.149309971,0.1501565493426815
610,537,0.217828898,0.1154812673376846
610,644,0.096138603,0.136829713
610,669,0.099016476,0.1066986242655111
610,243,0.194431149,0.1881411207884534
610,36,0.097440456,0.0394037379999999
610,638,0.095518331,0.0915
610,554,0.217705186,0.2091338969733594
610,407,0.11340265,0.1078731171481709
610,48,0.098380691,0.1145457559320821
610,217,0.157953736,0.157405224252682
610,338,0.143233298,0.2100609906981912
610,677,0.102035282,0.172200905
610,35,0.095321531,0.1033505570565293
610,509,0.112483148,0.1171845840416414
610,565,0.104179851,0.1099900618220996
610,242,0.194086385,0.1873204995357992
610,663,0.09764601,0.1051355603478115
610,505,0.109857057,0.0915
610,567,0.103717553,0.1138692969159667
610,476,0.123275915,0.2193
610,59,0.100141357,0.1000301868957181
610,253,0.200469849,0.150267749
610,460,0.122073307,0.1257747013685949
610,414,0.122207084,0.1267488509315508
610,492,0.119526144,0.0915
610,309,0.106218803,0.1128774777850209
610,662,0.097514435,0.1000301868957181
610,100,0.152289608,0.1000301868957181
610,88,0.11141298,0.1160865135256864
610,459,0.12189391,0.0915
610,331,0.137773327,0.1393523385150673
610,615,0.093476235,0.1016595336837527
610,21,0.096330248,0.1284841480770889
610,72,0.115174966,0.1745299054866128
610,271,0.111875336,0.117190537830114
610,103,0.152798362,0.1518300323568695
614,469,0.127768787,0.1310437732159019
614,125,0.102447086,0.1034141243405758
614,409,0.122870153,0.1296353783827787
614,670,0.100277656,0.1014031451739175
614,313,0.109108696,0.1100635452225924
614,306,0.107847137,0.092836207
614,26,0.099930277,0.1002488718367843
614,523,0.116189781,0.1170874437975899
614,174,0.096233626,0.281438818
614,18,0.09726743,0.069015642
614,502,0.109137039,0.225459099
614,623,0.094344634,-0.0058989309999999
614,482,0.122631667,-0.113610249
614,27,0.099567092,0.223226907
614,304,0.109561168,0.1166271242530749
614,415,0.121111727,0.101282535
614,434,0.127502151,-0.062671071
614,308,0.107975969,-0.039025419
614,537,0.219711234,0.1672707035759529
614,54,0.102845039,0.1030533904082914
614,644,0.096936517,0.1412427576604573
614,627,0.095014098,0.163150558
614,86,0.114001517,0.1145235184450347
614,525,0.115347975,0.1172964940301968
614,638,0.096554061,0.0922
614,554,0.22052675,0.2214
614,407,0.11423535,0.076448235
614,48,0.099588141,0.1171178759503845
614,135,0.100763745,0.1010195682390755
614,63,0.117355388,0.13892897
614,65,0.116306034,0.1175711505564784
614,217,0.160467094,0.1635180552470724
614,477,0.12404201,0.105949491
614,35,0.096483564,0.1049978181092083
614,509,0.113453344,0.124043333
614,428,0.124976696,0.228441882
614,274,0.111678041,0.1131429032818272
614,567,0.104860614,0.1163855332297556
614,476,0.123850751,0.2214
614,59,0.101372472,0.191072494
614,561,0.103187217,0.1031617089974172
614,662,0.09850336,0.2214
614,664,0.099663665,0.2214
614,100,0.155105097,0.1579798271579618
614,331,0.138725463,0.1422643256010428
614,21,0.097251678,0.0973975465308378
614,72,0.116848655,0.1820574424767341
614,103,0.15536733,0.1574822850026991
618,125,0.103578861,0.2235
618,409,0.124131282,-0.041060626
618,670,0.10156655,0.110449331
618,26,0.10085984,0.2235
618,155,0.098102559,0.0933
618,58,0.105419742,0.099303527459678
618,430,0.128744021,0.1223435171449033
618,17,0.098195143,0.225263229
618,623,0.09532222,0.0933
618,479,0.12519858,0.1182698377106977
618,27,0.100533266,0.2157736140291661
618,584,0.101202953,0.147642766
618,406,0.110342962,0.104099727114506
618,426,0.127833653,0.1202725364443347
618,310,0.108277466,0.1022576556620821
618,304,0.110270435,0.1043020339923438
618,514,0.118294674,0.1112309227067618
618,424,0.129700082,0.156998049
618,417,0.12341999,0.1174090853916509
618,240,0.195632959,0.188249089
618,280,0.113250137,0.173624993
618,198,0.152982937,0.1448796446382739
618,54,0.103472559,0.2113309005043565
618,318,0.110471402,0.039984069
618,669,0.101145467,0.0951877035787584
618,243,0.1983218,0.1889942054677012
618,461,0.125238161,0.1185116254638512
618,48,0.101005854,-0.1545628739999999
618,63,0.118530028,0.1331029314303005
618,217,0.161793871,0.1572173585942437
618,53,0.103049953,0.0967752598002642
618,35,0.097551643,0.0998267732228044
618,565,0.106066924,0.0999213730509891
618,663,0.099968581,0.0935687758603955
618,567,0.105755531,0.0996922176480502
618,59,0.101060219,0.1842398972399185
618,314,0.109034337,0.1034595049736377
618,100,0.15710358,0.1517860382937838
618,88,0.115213157,0.1079193895115602
618,103,0.157445682,0.1492239717590322
622,469,0.130062782,0.1265426130815892
622,47,0.101349713,0.0991672320402537
622,628,0.096976527,0.094540435365615
622,670,0.102160198,0.0553660599999999
622,626,0.097020739,0.094596192236089
622,313,0.110782716,0.1077097185520299
622,170,0.097990483,0.096189323609771
622,155,0.099325481,0.2139173205371848
622,256,0.207329534,0.097709748
622,488,0.123837187,0.2023711106939963
622,430,0.129776413,0.0079186859999999
622,6,0.09817217,-0.071348506
622,382,0.112639855,0.1095745078078953
622,17,0.09914411,0.039281043
622,49,0.101265141,0.0993373921779968
622,482,0.124589323,0.1215434443643491
622,406,0.111791045,0.2257
622,426,0.12796442,0.39899105
622,552,0.225169186,0.18085967
622,254,0.205809698,0.2058096979999999
622,304,0.111383075,0.1025575456498135
622,415,0.123120687,0.119979555228354
622,633,0.097471346,0.006265558
622,417,0.125341249,0.1151903575282375
622,471,0.128514173,-0.120683114
622,537,0.224070773,0.216426207185094
622,318,0.111797096,0.0938
622,473,0.127850063,0.1245328039163202
622,86,0.117301628,0.1134507562854212
622,243,0.200763334,0.147200124
622,36,0.100662869,0.0983501360664989
622,638,0.098576238,0.09562036739553
622,407,0.115335579,0.11280756680992
622,135,0.102607436,0.0997306944919761
622,63,0.120176633,0.1303163686054269
622,65,0.119103208,0.1156569086678334
622,493,0.12323537,0.1200026926429192
622,217,0.163376085,0.1535582872213985
622,338,0.147073177,0.1424896148837625
622,677,0.104822808,0.1025776316240151
622,566,0.1071283,0.1036926254246146
622,634,0.09765712,0.0952530862395292
622,509,0.116167971,0.1126639752787713
622,455,0.126912621,0.1233461810906579
622,565,0.107029623,0.2257
622,242,0.198753998,0.1913671034054012
622,274,0.114386372,0.1113413847222273
622,167,0.09856857,0.147197798
622,674,0.103147916,0.1008889646839524
622,505,0.113113413,0.1099786752420276
622,563,0.10768989,0.1050573194060468
622,59,0.102996364,0.0938
622,561,0.10531511,0.1028397660206816
622,22,0.099818351,0.0971229201187319
622,314,0.110224839,0.1017455010280925
622,460,0.126677661,0.1223467394283665
622,414,0.125999397,0.1229259641594273
622,492,0.123440445,0.1204027609591582
622,309,0.109293416,0.1066847578809306
622,664,0.100945814,0.0989630462361607
622,100,0.158902671,0.1534486253658763
622,88,0.116914195,0.116958783
622,331,0.141403109,0.1375392490902295
622,615,0.09633518,0.0939059212158033
622,72,0.120824903,0.1163686978884683
622,271,0.114198158,0.1118894665665335
622,103,0.159449487,0.2257
626,612,0.097266193,0.120173177
626,642,0.100271496,0.0945
626,409,0.126695033,0.0561614419999999
626,670,0.10315468,0.0945
626,306,0.110812359,0.258220114
626,523,0.119216463,0.1151271978167849
626,170,0.098765892,-0.017973188
626,302,0.112155989,0.1074300203552897
626,433,0.128510235,-0.0222794029999999
626,430,0.130848946,0.2473688149999999
626,502,0.11164556,0.1060835956738037
626,17,0.099655333,-0.0232668439999999
626,49,0.102643454,0.0945
626,479,0.127401014,0.1233905248490771
626,310,0.109863149,0.1054711126982282
626,435,0.129382365,0.094718629
626,304,0.11177457,0.0384269189999999
626,514,0.119666364,0.1153464287708872
626,415,0.12439774,0.1203637149228517
626,434,0.13099539,0.112651309
626,633,0.098596296,0.0945
626,424,0.1345094,0.1302970877825885
626,417,0.126317571,0.1117217476280193
626,308,0.110457155,0.066987066
626,471,0.130310378,0.316472527
626,403,0.109624306,0.115242945
626,537,0.2261693,0.2220421201818073
626,54,0.106060158,0.360801836
626,616,0.097142204,0.0945
626,644,0.099327945,0.0945
626,473,0.129127943,0.291988987
626,669,0.103096613,0.276176904
626,627,0.098169613,0.0945
626,86,0.119133377,0.1140224755400794
626,525,0.118671273,0.044133751
626,554,0.225244036,0.2252440359999999
626,407,0.117640272,0.1091251342676978
626,48,0.102956289,0.0973719642357304
626,135,0.103353777,0.0980096822330485
626,419,0.125044307,0.113885677
626,63,0.122039908,0.1282051098257428
626,65,0.120182536,0.1122301653052559
626,217,0.16429557,0.1338689401786854
626,53,0.104882486,0.099653965606418
626,338,0.148486907,0.1414707372607574
626,566,0.108023793,0.102936231498309
626,428,0.127571467,0.1247275244019605
626,565,0.108257161,0.2271
626,346,0.156222421,0.1547086873985066
626,242,0.200245861,0.2027840736720351
626,505,0.113184736,0.2271
626,561,0.105561344,0.0982628606725431
626,492,0.124605142,0.1207121667984137
626,309,0.110875627,0.2271
626,662,0.101174961,0.0955625411452168
626,459,0.126694568,0.1231226469801925
626,21,0.10005561,0.0945
626,72,0.122760914,0.113005827802942
626,103,0.161354542,0.2271
630,307,0.11291995,0.1228365266884386
630,47,0.102817208,0.1140734544310735
630,642,0.101055956,0.1048880044897098
630,670,0.104012966,-0.0193335289999999
630,20,0.100781828,0.111281064681041
630,523,0.119924884,0.1303584098537281
630,170,0.099988407,0.0954
630,155,0.100858119,0.1109729471808702
630,488,0.126044372,0.249411415
630,430,0.131666628,0.2287
630,17,0.100637025,0.0954
630,623,0.098165686,0.1075263926826095
630,394,0.111255538,0.1209881545400927
630,479,0.128222948,0.1072371684363781
630,482,0.126983485,0.1374253534806514
630,27,0.103261426,0.1129972994682196
630,584,0.104599012,0.117548527
630,406,0.113171667,0.108792126
630,624,0.098278396,-0.181479807
630,435,0.130727547,0.1051133024724483
630,116,0.164099751,0.127293904
630,304,0.112683008,-0.094545921
630,514,0.120057513,0.2287
630,434,0.131929354,0.3535076979999999
630,633,0.099751137,0.244222395
630,39,0.103142638,0.063745215
630,471,0.131469586,0.10326111
630,198,0.156893454,0.1680354988549445
630,473,0.13032448,0.2287
630,669,0.103699036,0.067350698
630,86,0.121030185,0.2287
630,36,0.102407505,-0.145976695
630,638,0.100337886,0.0557865909999999
630,407,0.118617288,0.116292129
630,48,0.103047059,0.1078475741204866
630,493,0.125505084,0.135877600887911
630,53,0.106225133,0.1101991848648176
630,338,0.149910814,0.0954
630,556,0.228170997,0.140775806
630,634,0.099250904,0.1090690092451528
630,455,0.128360649,0.1381549397606006
630,565,0.109078778,0.1190648091291141
630,388,0.111336044,0.1211451342527772
630,274,0.116068833,0.1259482159337601
630,567,0.108597339,0.1180217972246872
630,476,0.129302635,0.1395413144510736
630,561,0.10721728,0.1087656461513827
630,22,0.10176523,0.1111250505502776
630,314,0.111878998,0.1226543903206232
630,414,0.12797115,0.119681704
630,492,0.125179992,0.1318997380789722
630,88,0.1205288,0.1300383508772483
630,331,0.144282848,0.1548198006592733
630,615,0.097893802,0.1073776992497836
630,21,0.100765692,0.1048880044897098
630,72,0.124480524,0.22394353194652
634,469,0.133568844,-0.0517552699999999
634,47,0.104161174,0.096
634,642,0.101857003,0.096
634,440,0.129266185,0.1255299526966628
634,334,0.149016207,0.148860259
634,409,0.128317015,0.1242719405547627
634,313,0.114044076,0.1125274031194507
634,174,0.100846545,0.1016374600518473
634,430,0.132475803,0.1797356694301954
634,406,0.114506333,0.072978452
634,624,0.099542153,0.096
634,435,0.132301544,0.096
634,639,0.101040992,0.1025230993006787
634,474,0.131276976,0.131388002
634,304,0.114092238,0.096
634,633,0.100209407,0.260346156
634,424,0.138571488,0.1318734317362496
634,308,0.112616136,0.094108702
634,240,0.203086307,0.140383881
634,198,0.158897511,0.1488824838334428
634,54,0.108117645,0.114613766
634,644,0.101143099,0.050009026
634,669,0.105493158,0.135686242
634,86,0.122565722,0.2080712283416157
634,461,0.129960084,0.1252058925394986
634,554,0.230033732,0.2075896778314033
634,407,0.120227645,0.1154155983475668
634,503,0.113424656,0.10861825
634,63,0.124454367,0.1209687455854143
634,217,0.167354947,0.1560606121224914
634,462,0.130363811,0.128028904
634,634,0.100139114,0.1094617206924352
634,346,0.158647005,0.1496026339100556
634,663,0.103651816,0.1042819682535547
634,567,0.109631399,0.2307
634,59,0.104857459,0.1056369586593707
634,561,0.108213082,0.1079353761556897
634,414,0.129115503,0.1182095593419626
634,492,0.126831691,0.1227416916027784
634,662,0.103295281,0.1043751408138319
634,664,0.104149658,0.121699604
634,21,0.102015495,0.2307
634,271,0.11758514,0.1159740171473235
634,103,0.164850571,0.1538168856455416
638,307,0.11493883,0.1109432149623121
638,469,0.134812946,0.0163091439999999
638,642,0.102940443,0.0972
638,555,0.231383198,0.127804061
638,125,0.108068759,0.1039708457295164
638,626,0.100392115,0.0972
638,306,0.113942211,0.229685995
638,26,0.105546908,0.1007694494883863
638,174,0.101885128,0.0972
638,18,0.102906237,-0.068112132
638,46,0.102048841,0.135194742
638,382,0.116873475,0.283340101
638,623,0.099588146,0.0972
638,394,0.112939533,0.1086826123075229
638,482,0.129286335,0.1250957473941045
638,27,0.104995052,0.1003691991763463
638,426,0.132413746,0.1289756120849204
638,639,0.101923319,0.0986315661332551
638,415,0.126978083,0.124012122416868
638,633,0.100767676,-0.0330752459999999
638,417,0.129698209,0.021393955
638,198,0.160668559,0.181972132
638,537,0.231824391,0.2326
638,387,0.113138088,0.13376611
638,644,0.101973528,0.0972
638,669,0.106314506,0.1337807398423366
638,627,0.100758275,0.2381148
638,86,0.124091393,0.0972
638,243,0.206538699,0.2071753762353511
638,525,0.120514739,0.1172148772027889
638,638,0.102110693,0.0973811199709846
638,554,0.230555692,0.2326
638,407,0.11955238,0.2248790834159011
638,48,0.105114885,0.1008892484815142
638,135,0.106288089,0.1017661616368651
638,63,0.126022046,0.1181818612098346
638,65,0.123614608,0.1204707452607184
638,677,0.109121599,0.1048293041377352
638,566,0.110785469,0.1063545733018822
638,35,0.102200421,0.192430894
638,428,0.131126189,0.127831639279048
638,565,0.111060772,0.1066685445974081
638,346,0.160306123,0.1485305384692386
638,388,0.113319129,0.10895187970203
638,274,0.118107621,0.1138455535736008
638,674,0.107664626,0.1029646316968175
638,663,0.104398884,0.0998278779452111
638,505,0.116450178,0.1121286484159168
638,567,0.110292641,0.1061655584081418
638,476,0.131198996,0.1280263160875127
638,59,0.106699101,0.1019319042374165
638,314,0.114228033,0.1096937060585653
638,492,0.128020016,0.0972
638,309,0.113873312,0.1091517298174527
638,662,0.104649368,0.1595586034513231
638,664,0.105204689,0.1189564883193317
638,100,0.166581076,0.1646523054992812
638,615,0.099840186,0.0972
638,72,0.128165669,0.1240276539964955
638,271,0.119180823,0.129004504
638,103,0.166934603,0.1529971678127666
642,469,0.136202726,0.0979
642,47,0.107030978,0.1029366884460613
642,642,0.103403057,0.291640749
642,170,0.102813501,-0.043063988
642,18,0.104079337,0.099006365
642,17,0.103503396,0.113548209
642,49,0.107004284,0.311568521
642,482,0.130304704,0.069444914
642,406,0.117507563,0.1149036196015882
642,624,0.101323144,0.0979
642,384,0.116646432,0.117721922
642,514,0.124352184,0.1228028977915328
642,633,0.102285322,-0.084421219
642,308,0.114977134,0.2368915919999999
642,537,0.233837268,0.0979
642,318,0.1167035,0.0245760609999999
642,473,0.134504656,0.1343538154562541
642,627,0.101794896,0.2343
642,243,0.20855694,0.148408126
642,525,0.122059207,-0.1465244579999999
642,36,0.105519734,0.1031408583709789
642,554,0.233407884,0.2343
642,547,0.233641011,0.159258134
642,63,0.127853201,0.0979
642,65,0.125428174,0.1206153422821096
642,566,0.112050131,0.141544623
642,634,0.102351005,0.0991961074111797
642,35,0.103484277,0.2015706780977064
642,509,0.119548547,0.067739631
642,565,0.112331667,0.111403982
642,674,0.108677151,0.0979
642,505,0.117077219,0.0979
642,567,0.111591082,0.1045219735795096
642,476,0.132928064,0.1291153771524901
642,59,0.107607886,0.1051222102445601
642,460,0.132308325,0.136834258
642,277,0.119631235,0.135647031
642,414,0.131465779,0.1317765025923614
642,492,0.129086158,0.0979
642,309,0.114732951,0.1078814234066573
642,100,0.16966352,0.182732744
642,88,0.125903296,0.1244600802404539
642,459,0.131730001,0.1321553426308017
642,21,0.104200937,0.123730499
642,103,0.168773529,0.0979
646,628,0.10310734,0.1088097723169732
646,334,0.152804492,0.120298665
646,125,0.111197213,0.134464662
646,670,0.108241127,-0.0876179509999999
646,313,0.116879873,0.1233142901585712
646,170,0.103604241,-0.271457896
646,155,0.105391203,0.1114529039945301
646,18,0.104898815,0.1060260438633975
646,430,0.136118879,0.1428879472331354
646,17,0.104399419,0.1209266092933217
646,623,0.102448735,0.1082122852029673
646,426,0.135023321,0.1412944211276637
646,552,0.236560767,0.215381551
646,639,0.1042149,0.1098536079823027
646,304,0.117051291,0.1233426939616733
646,417,0.131662834,0.120867628
646,198,0.163877949,0.1700727896488276
646,537,0.235559925,0.2368
646,224,0.181496205,0.117945972
646,616,0.102320282,0.108298131906571
646,644,0.103471575,0.1095805974306822
646,243,0.211789568,0.1566464584500192
646,525,0.123535131,0.0988
646,407,0.122656689,0.1288817071036621
646,48,0.107337895,0.1131218272370818
646,33,0.106065785,0.122078158
646,135,0.108401184,0.1147094707222935
646,677,0.111823952,-0.0075178369999999
646,566,0.113111415,0.1496136450372236
646,634,0.103160259,0.2368
646,428,0.133868183,0.1406907460422676
646,242,0.209622555,0.217522953509335
646,567,0.112808259,0.105841687
646,59,0.10836453,0.135578481
646,561,0.111202076,0.1174366917974539
646,314,0.115951489,0.139735676
646,662,0.106285604,0.1127793134399919
646,664,0.107175924,0.1131530119897373
646,459,0.133192659,0.1395569137670371
646,331,0.150082917,0.1562175354064719
646,271,0.121232691,0.1268868194804671
650,47,0.108633107,0.1063681509626308
650,125,0.112168489,0.1324398180304294
650,409,0.133213845,0.1300252730723179
650,626,0.103977691,0.1018997545421933
650,313,0.117811069,0.0997
650,170,0.104377386,0.0997
650,155,0.106643979,0.1044497056566563
650,174,0.104231994,0.1025403880659431
650,18,0.106283389,0.1050608908309405
650,433,0.13595437,0.089704307
650,17,0.105623255,0.1718603965699277
650,49,0.109457663,0.1070242874500822
650,406,0.118829406,0.13308192
650,426,0.136618593,0.1390150839961718
650,153,0.103502609,0.134098649
650,514,0.125778816,-0.077471952
650,415,0.13129386,0.135898754
650,589,0.108747392,0.119169258
650,633,0.104663191,0.1023201916829804
650,424,0.150937779,0.049320145
650,537,0.23792312,0.230961896549812
650,644,0.105314507,0.103732271
650,473,0.13703447,0.1332946269761417
650,669,0.109538007,0.1071377691828869
650,461,0.134973435,0.1314470468600163
650,135,0.109716126,0.2319410757906753
650,63,0.132705967,0.1285005797461121
650,338,0.15757026,0.1525948136119567
650,677,0.112727279,0.0997
650,35,0.106090744,0.250961428
650,509,0.121586872,0.1192019352361092
650,428,0.134855204,0.138433903288452
650,242,0.211076098,0.2047971481591221
650,674,0.110462857,0.1083828729176176
650,505,0.118748262,0.116732575849549
650,567,0.114341473,0.1048834035452559
650,561,0.112341072,0.1160463507286363
650,22,0.107057273,0.1052426519718917
650,414,0.13429074,0.131313639346939
650,492,0.132389026,0.1285781850619549
650,88,0.131844289,0.1272105488981668
650,331,0.151175168,0.1005303
650,103,0.174222127,0.168051902866464
654,307,0.119762585,0.049438168
654,469,0.140307692,0.1376195275223224
654,409,0.134813023,0.1286013616838734
654,20,0.107351809,-0.0558124389999999
654,313,0.119291054,0.1166005233361019
654,26,0.110421414,0.1080877175109262
654,170,0.105841834,0.1009
654,58,0.115951002,0.1135149681467553
654,422,0.150717167,0.167234761
654,18,0.107444901,0.048968165
654,488,0.133516712,-0.122847046
654,433,0.136751832,0.1009
654,6,0.106203387,0.109707266
654,382,0.121837578,0.123180231
654,502,0.119212068,0.1167498730131052
654,49,0.110991048,0.021568008
654,479,0.136288472,0.1331398674512096
654,482,0.135276816,-0.135633856
654,406,0.119979265,0.1316046130990402
654,310,0.11779526,0.1154198674937153
654,624,0.104302084,0.086505857
654,435,0.137529604,0.1346782993097467
654,415,0.13270026,0.444059894
654,633,0.105517446,0.2280056140539341
654,424,0.152960248,0.1009
654,417,0.134190392,0.1315944124586228
654,308,0.118399587,0.241459673
654,471,0.139533472,0.1366289580890087
654,537,0.240831067,0.2346143782820135
654,616,0.104331391,0.1024013684469259
654,669,0.110290053,-0.025269599
654,627,0.10485911,0.04578904
654,36,0.109526902,0.1072187766152652
654,554,0.240437928,0.2351830723368005
654,407,0.124321854,0.183909629
654,63,0.134731952,0.2296846746412617
654,65,0.130932998,0.1277769048237749
654,566,0.115961422,0.1135310541499256
654,35,0.106619942,0.2408
654,428,0.136603838,0.1009
654,455,0.136968567,0.133781682471177
654,388,0.118052129,0.1161577426381606
654,274,0.12241255,0.1198096161215034
654,167,0.10671151,0.131678149
654,663,0.108761202,0.1064644136123297
654,563,0.116736138,0.1143866650428373
654,253,0.220727961,0.161722917
654,22,0.108293282,0.1060345816949761
654,460,0.136470824,0.133565382125836
654,414,0.135014847,0.1298672219317377
654,664,0.109349525,0.107179995120571
654,100,0.178520796,0.173074397066677
654,331,0.152584544,0.1009
654,271,0.12404349,0.1218552424503884
654,103,0.17723148,0.1659637173779598
658,307,0.121156022,-0.010097701
658,628,0.105983213,0.110759259
658,313,0.120900539,0.1249295663086499
658,26,0.111322552,-0.0785192499999999
658,170,0.106923661,0.1433145709821839
658,155,0.108332794,0.051728924
658,174,0.106565825,-0.177644678
658,18,0.108717137,0.075482746
658,430,0.140443352,0.282889426
658,49,0.112379111,0.1018
658,623,0.105555432,0.348059035
658,394,0.119099166,0.1236216354047956
658,479,0.136933625,0.1389265426259504
658,406,0.122092334,0.144666731
658,552,0.242018671,0.174936445
658,678,0.115247228,0.11788786
658,633,0.106624971,-0.14404842
658,308,0.119838533,0.2424
658,537,0.242419501,0.2414866882956405
658,36,0.110559744,0.1127281325002353
658,554,0.241985836,0.240224909
658,472,0.14042783,0.133806111
658,493,0.134921588,0.1387466499481329
658,634,0.106569033,0.1109251537271137
658,81,0.12926454,0.145894379
658,35,0.107898648,0.2424
658,565,0.117528075,0.1218622082560417
658,346,0.167876285,0.1724261309772697
658,274,0.123805777,0.125453676317013
658,167,0.107558961,0.134553247
658,674,0.113342647,0.1175574155266799
658,663,0.109941137,0.1142870596716783
658,505,0.121065198,0.1257021716046199
658,314,0.12026988,0.1246503416181139
658,460,0.13785736,0.1422931357345682
658,492,0.134955211,0.1392568657600875
658,21,0.108663776,0.12742622
658,103,0.179652757,0.1018
662,307,0.122708997,0.061327517
662,125,0.115436849,0.1184723406450197
662,626,0.106624917,0.1095892144581488
662,20,0.10990549,-0.028525504
662,306,0.120674223,0.1229312142036554
662,523,0.128586092,0.1307662561524969
662,174,0.107395667,-0.110134195
662,256,0.224788383,0.10873516
662,355,0.142493018,0.16861222
662,302,0.122744298,0.1246445786146406
662,433,0.139121812,0.239042744
662,430,0.141884777,0.143677403
662,6,0.107955286,0.3980410059999999
662,17,0.108953986,0.1112627985894874
662,482,0.137545772,0.1400000722092202
662,310,0.120304496,0.1225236226360867
662,116,0.179965004,0.1874919
662,417,0.136451355,0.1387607923523187
662,308,0.121095255,-0.083771919
662,471,0.142085561,0.153672431
662,240,0.215084909,0.176660135
662,387,0.120862261,0.118340081
662,318,0.12379076,0.1252151536180231
662,669,0.112775631,0.1146001284623922
662,541,0.244331299,0.178072446
662,638,0.10836071,-0.0677151899999999
662,547,0.243669973,0.141912133
662,48,0.111989553,0.1146351731362295
662,556,0.244751185,0.2447511849999999
662,35,0.108937055,0.109998122
662,509,0.125620145,0.1284823931508801
662,428,0.139060957,0.1412612031357605
662,455,0.140207619,0.1420122074991246
662,274,0.125074131,0.1025
662,22,0.110583049,0.1125822463381958
662,664,0.111812487,0.114250144170019
662,100,0.18295247,0.1840792200911505
662,88,0.136638968,0.138422049665689
662,459,0.138938253,0.1408893717432421
662,122,0.179569029,0.186474031
662,615,0.106631097,0.1091656506408942
662,21,0.11001342,0.1308556858651375
662,72,0.141831095,0.162342394
666,469,0.144821427,0.1389827126099649
666,642,0.109786061,0.1038
666,628,0.108610176,0.1038
666,125,0.116873511,0.1038
666,409,0.138157693,0.1314028602263477
666,670,0.114311741,-0.11043308
666,626,0.108466579,0.071009159
666,170,0.108842875,0.1038
666,174,0.108349383,0.1038
666,18,0.111048239,0.253305747
666,17,0.110460463,0.094465336
666,482,0.138825836,0.05410938
666,27,0.113074401,-0.196936277
666,535,0.243087984,0.2430879839999999
666,406,0.124063386,0.157630886
666,435,0.141994681,0.13505491215562
666,415,0.136339295,0.117026745
666,39,0.112917931,0.0619508719999999
666,308,0.122489718,0.0260323769999999
666,198,0.171784534,0.1696443834676909
666,537,0.245649681,0.2464
666,54,0.11804414,0.1069000960477056
666,644,0.109730788,0.1038
666,525,0.128888426,0.1207789679356081
666,554,0.245590524,0.2464
666,135,0.11449738,0.1038
666,63,0.140596344,0.167455754
666,65,0.135900607,0.1273720870541176
666,53,0.117615847,0.1066952093286171
666,556,0.245178473,0.199136476
666,477,0.140194772,0.125518833
666,566,0.119440545,0.1095081624817137
666,35,0.110138926,0.1038
666,428,0.140451082,0.1362255699405779
666,565,0.120588262,0.1103607823161507
666,346,0.170511208,0.1684681480694685
666,674,0.115467282,0.1047787469464312
666,505,0.123635483,0.1148178945232197
666,563,0.12102208,0.1107570475078195
666,59,0.114747543,0.1042495796171048
666,22,0.111805264,0.1038
666,314,0.12277705,0.1133355467452545
666,309,0.121604554,0.1120963893338095
666,662,0.112047717,0.1038
666,664,0.112848725,0.1038
666,100,0.185615238,0.1860959206927459
666,459,0.140173513,0.1728103341930796
666,331,0.15708845,0.1521307578465101
666,615,0.107989716,0.124719104
666,72,0.144673124,0.1607789345620257
670,469,0.146405691,-0.2251800809999999
670,440,0.142050528,0.147486788686555
670,670,0.115324583,-0.0422156149999999
670,523,0.131059464,0.1378545765314609
670,170,0.110609771,0.1186841136186255
670,127,0.11837814,0.128208698
670,302,0.125437417,0.1326134856866544
670,488,0.138967859,0.378020327
670,433,0.141951687,0.1481538007123613
670,430,0.144761627,0.1500055508183765
670,6,0.11046815,0.1190011006488582
670,49,0.115398657,0.481880703
670,394,0.122244756,0.129726022480761
670,27,0.114933536,0.1045
670,651,0.111458654,0.11085758
670,406,0.125257055,0.150376288
670,54,0.119470065,0.1271697956798905
670,510,0.128221298,0.121904394
670,318,0.12567512,0.1330212247540514
670,644,0.111199669,0.141478795
670,86,0.142448167,0.1472310838357804
670,525,0.130996982,0.126861799
670,36,0.114386928,0.1226909767579973
670,554,0.248036163,0.121684945
670,407,0.128726287,0.1360119998466507
670,135,0.115904637,0.1140334233141182
670,289,0.126346003,0.125096835
670,217,0.182294725,0.1845259860308532
670,677,0.11901862,0.1268155302710566
670,35,0.111245176,0.1140334233141182
670,455,0.14228053,0.149149379
670,367,0.144320253,0.133824763
670,346,0.172474685,0.162981547
670,274,0.127995027,0.1348518889947374
670,476,0.142614844,0.1486390070946488
670,59,0.116143469,0.111327168
670,314,0.124245313,0.23810472
670,460,0.141550373,0.1469367606063029
670,662,0.11332487,0.1045
670,100,0.189468451,0.1899291852487787
670,88,0.141445846,0.1465886095819656
670,615,0.108751103,0.1333256473235928
674,47,0.11590314,0.1268154527219387
674,20,0.114157729,0.11042351
674,523,0.132959419,-0.153420752
674,114,0.187047369,0.132601407
674,18,0.113852035,0.119417376
674,302,0.126286876,0.1414255142748491
674,488,0.14123908,-0.017971217
674,6,0.111713832,0.106
674,17,0.112994658,0.110350511
674,479,0.143521117,0.002066061
674,27,0.116296811,0.03119249
674,406,0.126637606,0.156811818560337
674,208,0.17564847,0.124230425
674,514,0.133945583,0.1407870611336611
674,417,0.141007556,0.281776722
674,644,0.112099428,0.1491047275134957
674,473,0.145805668,0.1515465480993155
674,669,0.116672048,0.1262528731791995
674,243,0.222628922,0.2176740961599632
674,554,0.250061789,0.1319591108642305
674,407,0.130940174,0.106
674,48,0.116956793,0.1260265119040937
674,135,0.117216193,0.1269521544064074
674,217,0.183341339,0.1844598650417301
674,53,0.120361333,0.107378318
674,338,0.166008643,0.1688755507824464
674,677,0.119836763,0.1364032714617849
674,566,0.121896844,0.1313902244516896
674,35,0.112729406,0.1229160860266732
674,509,0.129228767,0.1375749734697552
674,565,0.122586895,0.1321115394444715
674,388,0.124843321,0.1333723018610456
674,274,0.129760074,0.1600025039252375
674,674,0.117960639,0.1279263046286623
674,663,0.114627198,0.1247384630288434
674,505,0.126479084,0.1346021579303429
674,476,0.144208071,0.2522
674,561,0.12016198,0.1292656486853319
674,22,0.114065927,0.1244526330215082
674,492,0.141487154,0.147098569486026
674,662,0.114915511,0.117073351948774
674,615,0.110110492,0.180948859814407
674,21,0.113932967,0.1238315956127748
678,555,0.252377862,0.218276715
678,313,0.127101557,0.1284788745151726
678,523,0.133856087,0.153152337
678,170,0.112916226,0.1141398380085821
678,155,0.114862732,0.112096356
678,174,0.1123262,0.307074591
678,18,0.115188144,0.12183325141978
678,355,0.149004307,0.147945005
678,433,0.144970648,-0.027930328
678,623,0.111629352,0.1116293519999999
678,365,0.147240944,0.176213956
678,426,0.145670749,0.1475842127230548
678,435,0.145617729,0.1479807736519046
678,124,0.121141716,0.118196951
678,198,0.176505717,0.1794120501034347
678,537,0.253999795,0.2546
678,627,0.112310954,0.1123109539999999
678,243,0.226510186,0.228782155791535
678,36,0.117107842,0.1183438472477978
678,554,0.252639136,0.1348291308018261
678,217,0.185508565,0.1081
678,252,0.231191004,0.2311910039999999
678,566,0.123264333,0.1244025025966283
678,634,0.112760247,0.1138521983634328
678,35,0.114513307,0.1149031056009085
678,242,0.224257392,0.2284670068257399
678,388,0.126556448,0.1845764338908275
678,274,0.130314492,0.132550465357724
678,567,0.123176198,0.1241174441522372
678,563,0.124748175,0.1262766595167914
678,59,0.11817625,0.111055661
678,561,0.121093704,0.1320381365752697
678,253,0.230900203,0.154069532
678,22,0.116286108,0.1162880229106429
678,492,0.14283222,0.150516799237512
678,309,0.125556793,0.131944019
678,100,0.196413175,0.1978232349339126
678,459,0.144887725,0.151933064
678,331,0.161445069,0.184496414
682,409,0.144673756,0.1321946953355661
682,20,0.116803947,0.1907256215547553
682,26,0.119582214,0.1093
682,246,0.228294164,0.2282941639999999
682,433,0.146834655,0.1093
682,430,0.149172177,0.1372386422926712
682,49,0.12011615,-0.0769380879999999
682,624,0.113181042,0.2483877112091423
682,611,0.113297013,0.12887732
682,415,0.142821821,0.1298217870116086
682,434,0.149492347,0.122643211
682,633,0.113891057,0.1093
682,424,0.175812949,0.173837662
682,198,0.179141323,0.2581
682,537,0.256205335,0.2506621693283571
682,616,0.112779998,0.04521177
682,318,0.129546802,0.1157633620486617
682,461,0.146948989,0.085988135
682,554,0.2556758,0.187389945
682,407,0.134043774,0.1204532937746171
682,48,0.119440148,0.026243655
682,63,0.151794017,0.1392395775716834
682,472,0.149754555,0.130365657
682,53,0.123617899,0.1098544730955233
682,566,0.124807457,0.1120012991309955
682,634,0.11370484,0.1093
682,35,0.115561997,0.007448632
682,274,0.13166841,0.1207191016856408
682,674,0.121147546,0.1093
682,567,0.124431952,0.1106892311136618
682,59,0.118856045,0.1093
682,314,0.128540196,0.114474465213984
682,161,0.114917351,0.132035984
682,414,0.145193409,0.1323575054290866
682,492,0.14490531,0.1399419376247883
682,664,0.117962387,0.1093
682,615,0.112905983,0.1093
682,271,0.132994092,0.1208082056125328
682,103,0.198876027,0.1873326636139271
686,440,0.148406152,0.1622089799816561
686,628,0.114837942,0.1241983680595297
686,670,0.120831168,0.1306785156256077
686,20,0.118037075,0.148195476
686,313,0.130222449,0.1414606386803505
686,170,0.115287539,0.1245101003919488
686,155,0.117298344,0.1269018936657636
686,58,0.126956249,0.1377651966025626
686,302,0.131301462,0.135135114
686,488,0.146143836,0.287758627
686,433,0.148216661,0.288140813
686,430,0.150852305,0.2608
686,6,0.116183386,0.1255129657863595
686,49,0.121200239,0.1101
686,623,0.114523777,0.276611017
686,479,0.148469183,0.161575694238326
686,27,0.120438523,-0.145297253
686,195,0.124548745,0.120505524
686,582,0.121856339,0.148155593
686,426,0.148669389,0.0068118379999999
686,310,0.128133283,0.1395144333882518
686,624,0.114421504,0.2608
686,384,0.131276996,0.155027239
686,434,0.151254089,0.316471596
686,589,0.12046782,0.1302792
686,633,0.114944233,0.227499570942975
686,424,0.177521406,0.086147818
686,471,0.150659194,0.164793647098001
686,187,0.128625662,0.151430883
686,198,0.180886019,0.1101
686,403,0.127424389,0.144982751
686,644,0.116163262,0.1256006500238702
686,473,0.150571413,0.1640197465658009
686,638,0.116106484,0.1257843448438874
686,461,0.148448736,0.1101
686,554,0.258262098,0.2076833703618775
686,407,0.136008431,0.1727539397874385
686,48,0.120350874,0.1101
686,135,0.120928882,0.1312124616072815
686,338,0.171697909,0.24588224
686,509,0.134458765,0.1452050842369497
686,428,0.148852425,0.1625224210662307
686,455,0.148499768,0.1619788408477522
686,367,0.150203844,0.172551105
686,565,0.126978766,0.113942049
686,242,0.228303855,0.2518410930358521
686,674,0.122626344,0.1192563578793266
686,663,0.118458156,0.1282021362891645
686,59,0.120352758,0.3525895009999999
686,314,0.129692471,0.2608
686,460,0.148464437,0.167642683
686,309,0.128885493,0.120754942
686,662,0.118641187,0.1288898688324531
686,459,0.148064549,0.1615888218484903
686,615,0.114231583,0.146055701
686,21,0.118033116,0.1276153446841709
686,271,0.134023874,0.1460869283073979
690,421,0.160185193,0.126270243
690,47,0.11997653,0.1111
690,440,0.150082955,0.2613
690,628,0.115914624,0.133403486
690,409,0.146908343,0.1338360520258295
690,670,0.121814694,0.1200594122576782
690,626,0.115664934,0.131105101
690,313,0.131681208,0.1370701206502917
690,306,0.130761494,0.1189240171403522
690,433,0.149843216,0.2613
690,502,0.130136163,0.1194930539307175
690,49,0.122584042,0.245497991
690,317,0.131325045,0.154615274
690,27,0.121652927,0.19932393
690,624,0.115360471,-0.015829321
690,639,0.116487929,0.07355292
690,473,0.151673917,0.4221278119999999
690,243,0.232343153,0.2323431529999999
690,461,0.150365697,0.1111
690,554,0.260662048,0.1911480266531354
690,407,0.137230646,0.070059359
690,135,0.121691489,0.120552335465302
690,65,0.146266911,0.1342976816149375
690,338,0.17265529,0.2264120982931252
690,477,0.149177158,0.13347038
690,566,0.126694015,0.1156728744764967
690,634,0.116508935,0.1111
690,509,0.135735891,0.1334699126480444
690,455,0.149892384,0.1111
690,242,0.230005216,0.2319131359504999
690,388,0.130094624,0.1184930091185152
690,674,0.123541792,0.1524032930180443
690,505,0.132349469,0.1201716009048618
690,567,0.127418279,0.1157374622579552
690,563,0.128641337,0.1169841560860509
690,476,0.149832456,0.1363208680434286
690,22,0.119505982,0.1111
690,314,0.130610188,0.2401837350544173
690,460,0.149772862,0.1541836431250293
690,492,0.146724022,0.1337877545119641
690,664,0.120545881,0.1111
690,88,0.151672429,0.139657591387137
690,459,0.149194929,0.1361096863170432
690,331,0.166543035,0.1512285649504734
690,615,0.115380058,0.1342551769962974
690,271,0.135607809,0.1342840051269629
694,469,0.156566852,0.1557445366509084
694,47,0.121594572,0.128094399
694,125,0.125767373,0.104365538
694,626,0.116609365,0.1298769241908952
694,170,0.117503606,0.1132661083778032
694,598,0.118488485,0.12256374
694,488,0.148652376,-0.2238600809999999
694,382,0.135123558,0.133145107288437
694,502,0.131138008,0.1169515407205135
694,17,0.119056375,0.1159924683197071
694,49,0.12294616,-0.0722945379999999
694,479,0.150931529,0.1507598056942651
694,27,0.12267895,0.2058113842791524
694,426,0.15100639,0.30499906
694,310,0.130706765,0.153694724
694,624,0.116179717,0.1119
694,435,0.151365468,0.1512498273464854
694,514,0.141345616,0.1396054586898059
694,415,0.146888064,-0.184811518
694,434,0.153233232,0.1533555955266801
694,308,0.131568973,0.1289868394988403
694,198,0.183763728,0.1860418711151698
694,537,0.261877729,0.2621
694,644,0.118306383,0.114366494617952
694,473,0.153505413,0.2621
694,669,0.122966277,0.1196252888984482
694,86,0.151744251,0.1534619645899851
694,243,0.233900239,0.2425651208617425
694,36,0.122305824,-0.0223925369999999
694,554,0.261293557,0.1967107764927311
694,135,0.123085984,0.1193986214234827
694,65,0.146206179,0.1334305894888368
694,338,0.174006485,0.2359632567793137
694,477,0.150638331,0.117867194
694,428,0.150496988,0.1504412884479835
694,346,0.183331355,0.1858712649818956
694,242,0.231800516,0.2399627603929728
694,274,0.135960889,0.1330666859699386
694,663,0.121154957,-0.198170123
694,563,0.130078504,0.2621
694,59,0.123857139,0.121706904
694,561,0.125620045,0.131732246
694,22,0.120596141,0.1119
694,492,0.148258745,0.1119
694,309,0.131115219,0.1289200890463725
694,662,0.120907426,0.1172279004492503
694,664,0.121573829,0.2262914177634974
694,100,0.204864746,0.2123138565428451
694,88,0.151245994,0.139396711461903
694,331,0.168475055,0.1522763759637292
694,21,0.119735133,0.1170244723010361
694,103,0.203081039,0.2096888767446897
698,642,0.120148201,0.1313441543881541
698,440,0.153134795,0.1633354888523472
698,125,0.127367004,0.1174666642229178
698,670,0.124193848,0.135330332037663
698,626,0.118542897,0.1292962505398861
698,313,0.13512035,0.1455300896264338
698,306,0.133480366,0.1446370698078348
698,170,0.118498449,0.1260661050312921
698,174,0.117964722,0.515503038
698,18,0.121194081,0.1328765596280687
698,302,0.135170721,0.1462412690138061
698,430,0.154899593,0.1648163838442893
698,382,0.136240565,0.1471840599790843
698,17,0.120392711,0.1316604717930519
698,623,0.117418244,0.135812909
698,479,0.152484666,0.008533649
698,27,0.123495402,0.191748602
698,310,0.131964791,0.134349907
698,624,0.117884127,0.151241244
698,384,0.13511731,0.14407085
698,552,0.262344793,0.211930441
698,435,0.152773117,0.10541505
698,304,0.133850721,0.144834020130798
698,514,0.142459767,0.1515143262491108
698,415,0.148107227,0.1129
698,434,0.154147326,0.197100479
698,633,0.118724703,0.1302655579690501
698,424,0.177099341,0.377031774
698,471,0.156087044,0.166701808289562
698,537,0.262557072,0.165744077
698,54,0.129195995,0.188587928
698,616,0.117322606,0.1289757428670389
698,318,0.134996728,0.28779141
698,411,0.149726004,0.16851193
698,644,0.119615774,0.2210366582066295
698,473,0.154430958,0.263
698,669,0.124207135,0.1129
698,627,0.118307498,0.1297621683365351
698,525,0.140600399,0.1508792840498908
698,638,0.119115179,0.1305119905546443
698,407,0.139372683,0.1506661987315954
698,135,0.124505267,0.1319911391251093
698,65,0.14672639,0.1129
698,493,0.149864131,0.1597657911805559
698,217,0.194176043,0.2031859022528196
698,53,0.129091237,0.1396639434788763
698,677,0.12783693,0.1388753847117937
698,634,0.118848803,0.1302765751757431
698,35,0.120476319,0.1323933068561952
698,509,0.138212194,0.1492398835014085
698,455,0.153529422,0.1634655881215962
698,565,0.130684177,0.1408958552033273
698,346,0.184821332,0.1937608611510042
698,242,0.233049281,0.259335225
698,388,0.132778117,0.1436760298729857
698,663,0.122350688,0.1129
698,505,0.135365241,0.1461828468043602
698,563,0.131284687,0.1129
698,561,0.127323729,0.118618818
698,314,0.133811027,0.1443975936274138
698,460,0.152917195,0.1627586956189118
698,192,0.128062665,0.131510405
698,492,0.14994247,0.263
698,662,0.122071758,0.1298938593175185
698,664,0.12272064,0.2501714917439038
698,100,0.204754513,0.1129
698,331,0.169867348,0.263
698,615,0.117746019,0.129035484861133
698,21,0.121480688,0.1323162656350698
698,72,0.157026957,0.128530462
698,271,0.138763142,0.1492592870410047
698,103,0.203051997,0.2192266390144269
702,421,0.16080578,0.154920885
702,469,0.158422846,0.1045909
702,440,0.154689037,0.402574235
702,125,0.129022157,0.114
702,670,0.125243186,0.156510125911376
702,626,0.120116047,0.125331423469176
702,246,0.237627386,0.207527204
702,155,0.122285593,0.118775606
702,598,0.120543536,0.139910327
702,433,0.153597474,0.356258627
702,430,0.155442945,0.314665564
702,6,0.120618196,0.1147393441426859
702,382,0.138304886,0.294918679
702,49,0.126803268,0.1203433053567861
702,394,0.133448425,0.073360149
702,317,0.135003029,0.146513997
702,482,0.152500823,0.1479532131290402
702,406,0.136575212,0.252931759
702,426,0.1538283,0.1496023983665498
702,310,0.13372111,0.1306004340961056
702,624,0.119694211,0.1482115706778045
702,639,0.12054921,0.1149410491997949
702,304,0.13499047,-0.0794129839999999
702,514,0.142880467,0.148496289926916
702,633,0.12005239,0.293314204
702,39,0.12531142,0.1198708898657492
702,417,0.149963051,0.1461252488634443
702,198,0.187524619,0.1845402934751884
702,537,0.263330484,0.1633324206605246
702,318,0.135823997,0.2647
702,473,0.156067429,0.149615395
702,669,0.125661457,0.114
702,525,0.142466713,0.1478341863346659
702,36,0.124377859,0.1192292832206947
702,461,0.154390335,0.1504061887600528
702,99,0.205296817,0.16664834
702,48,0.126949278,-0.135620684
702,63,0.153227105,0.1497223552242142
702,380,0.137620516,0.116504177
702,338,0.176923285,0.1737648116924766
702,566,0.13200907,0.1263910320845928
702,634,0.1203587,0.1263535232032871
702,35,0.121620346,0.114
702,509,0.139079148,0.116379653
702,428,0.153608513,0.1490646099642503
702,455,0.154864522,0.202665646
702,346,0.186682541,0.123470353
702,242,0.235123055,0.260911818328453
702,274,0.139105093,0.1340812984312365
702,567,0.13101323,0.1250384234802027
702,476,0.155102695,0.1508153488879167
702,460,0.154863538,0.1499589398745256
702,309,0.133852202,0.148467416
702,664,0.124616539,0.251357586003838
702,88,0.151169662,0.147927538770739
702,21,0.122439737,0.114
702,72,0.157088141,0.124533001972486
706,307,0.138060469,0.1399116260427874
706,20,0.124183244,0.1280087002585981
706,306,0.136460776,-0.025638375
706,170,0.121039113,0.1251315958413569
706,155,0.123709663,0.1241240498849624
706,174,0.120577046,-0.124281163
706,302,0.137553452,0.402926059
706,49,0.128811726,0.1255408305985978
706,623,0.120079254,0.0461076079999999
706,394,0.134822828,0.1151
706,479,0.156265144,0.359918301
706,27,0.126804843,0.347073782
706,426,0.155049127,-0.0712661369999999
706,624,0.121000333,0.1507262851045159
706,514,0.143850884,0.1509835951169209
706,570,0.132462884,0.155005728
706,434,0.157669984,0.179103673
706,471,0.158897073,0.1589231374261988
706,616,0.120722391,0.1242305908984593
706,473,0.158370081,0.1519949666386439
706,86,0.152014155,0.1538557787772527
706,243,0.237374717,0.2301731039937247
706,638,0.122399927,0.1260808646134665
706,48,0.127976273,0.1151
706,135,0.126768273,0.1302752159494932
706,65,0.148440087,0.1151
706,493,0.152781994,0.1531585718183287
706,677,0.13079244,0.13375009236008
706,455,0.156727121,0.1999381976828936
706,565,0.133812862,0.1361477414307396
706,346,0.18806423,0.1283668448929502
706,388,0.135374081,0.151022435
706,674,0.128176507,0.1315460932621925
706,505,0.136912672,0.1403829947917885
706,567,0.132615726,0.1151
706,460,0.156258955,0.1523054392751155
706,662,0.124882772,0.123664752
706,459,0.156319501,0.155775763698962
706,331,0.172937632,0.1715280798331837
706,467,0.157600347,0.165735452
706,615,0.120923297,0.1248499883045793
706,21,0.124132643,0.1198081799782525
710,307,0.139448221,0.121695077
710,555,0.264907599,0.244049956
710,409,0.154113557,-0.223946626
710,306,0.137762047,0.0073457239999999
710,523,0.144708801,0.1452762436582206
710,155,0.125095384,0.1238303346301943
710,58,0.135466384,0.1351800126578245
710,18,0.125372665,0.1238655054923564
710,302,0.138693383,0.2677
710,433,0.15631861,0.1574810790762851
710,382,0.140493418,0.1413481220227192
710,49,0.130051094,-0.15532166
710,623,0.121520708,0.147965295
710,394,0.136407908,0.1357333584874134
710,482,0.156060052,0.156709917463555
710,27,0.128071785,0.2677
710,406,0.139581947,0.13939924
710,310,0.136970202,0.177638174
710,624,0.121969405,0.071957368
710,435,0.157184851,0.1577173730308189
710,434,0.159340704,0.1831614273096454
710,424,0.178004953,0.1810814045059124
710,417,0.153604458,0.1538771041110687
710,471,0.160168075,0.2076557708423472
710,537,0.267733355,0.2677
710,54,0.134063939,0.1332065499511053
710,616,0.122511851,0.119742645
710,644,0.123806156,0.1223653140400183
710,473,0.15987848,0.2677
710,669,0.128414427,0.127714212334332
710,525,0.144458976,0.1451144771858247
710,461,0.157760993,0.1581558911419599
710,407,0.143094011,0.1434768904825067
710,63,0.154960762,0.1561311946739147
710,338,0.180569515,0.1826015907706524
710,252,0.244505495,0.201670963
710,477,0.157228156,0.139303149
710,566,0.134960935,0.1343241633534834
710,509,0.142272098,0.154269634
710,428,0.156290208,0.1567940449833809
710,346,0.18991585,0.1288185218099217
710,274,0.14133519,0.1416090538961346
710,505,0.138555106,0.303382985
710,314,0.137446448,0.1375947975478333
710,460,0.158134616,0.1544585316576298
710,414,0.154350316,0.1548350107166588
710,492,0.154860978,0.1561907121227871
710,309,0.137105034,0.1365962822365753
710,664,0.127079963,0.1262100396993445
710,100,0.206801279,0.2118228651888543
710,215,0.198464106,0.14888627
710,615,0.12180741,0.1250517075968873
710,21,0.125894871,0.2677
714,307,0.140813619,0.1242036604091256
714,469,0.164080953,0.1600384127121931
714,47,0.127448206,0.1282751900702545
714,440,0.159473562,0.1269908996259506
714,628,0.123656786,-0.074729475
714,125,0.132927662,0.193055653
714,409,0.154589427,0.1179
714,670,0.129916987,0.1302926320598396
714,626,0.123634455,0.110144246
714,313,0.140066692,0.1400441890539864
714,26,0.130064374,0.1302978768492547
714,523,0.145993957,0.2699
714,155,0.126316918,0.1261351844893969
714,58,0.137033105,0.1364019439209968
714,302,0.140404842,-0.028220466
714,488,0.156731463,0.1546938827441682
714,502,0.138493351,0.213709601
714,49,0.131396585,0.1179
714,482,0.158006206,0.1558775935991257
714,406,0.140836287,0.1402185977506376
714,435,0.158833654,0.1563072118096872
714,474,0.160903815,0.138849929
714,304,0.14010986,0.1395219127792943
714,514,0.147231936,0.1457198137671211
714,434,0.160299243,0.260029103
714,324,0.171785931,0.127573988
714,198,0.192788865,0.1862277865123123
714,537,0.269856659,0.256277664325452
714,113,0.205080029,0.171034389
714,318,0.141578852,0.1400482515495475
714,473,0.161803068,0.158743830793385
714,627,0.123693657,0.1248801441667368
714,86,0.154300339,0.1522425723798407
714,243,0.242531064,0.2312648927244655
714,525,0.145382934,0.1453885210857799
714,36,0.12912863,0.129442728318035
714,638,0.12511658,0.183199765
714,461,0.159959468,0.163669674
714,48,0.131482964,0.1313448491660907
714,135,0.130210662,0.1302058723155149
714,493,0.156789492,0.1540818154575885
714,338,0.183082463,0.1792988378386903
714,566,0.136341159,0.199075423749111
714,35,0.126205707,0.1272353033752689
714,428,0.157891678,0.2316498691324783
714,455,0.160007515,0.1577700801873471
714,565,0.136549455,0.1363997632737665
714,274,0.142786242,0.1422175643825534
714,663,0.127433665,0.1284453010789941
714,505,0.139806929,0.2699
714,563,0.137263273,0.1368650958620698
714,561,0.13391442,0.133866261324229
714,22,0.12765579,0.1285690638167329
714,314,0.139157219,0.1385863244368518
714,460,0.160319985,0.1571663558971067
714,492,0.156297795,0.1542050689134299
714,662,0.127776333,0.1283361989659623
714,100,0.208520063,0.2057319925066986
714,88,0.15339609,0.1515584937184817
714,459,0.159254888,0.1567946117725649
714,331,0.17592029,0.171548319279735
714,21,0.127926015,0.256277664325452
714,271,0.144278201,0.1436883217483542
714,103,0.207289272,0.2003696438335339
718,307,0.141776572,0.230940545
718,469,0.166681516,-0.000926786
718,47,0.129416621,0.1192
718,628,0.125384626,0.1192
718,125,0.134359818,0.1942748950402137
718,409,0.156416535,0.1545149656464363
718,626,0.125120436,0.1192
718,313,0.141304742,0.1394805395046778
718,26,0.131058935,0.1294064374830799
718,488,0.158883971,0.1546229344659639
718,433,0.158906337,0.1577737774392627
718,410,0.15783136,0.150217002
718,6,0.125774744,0.1228713570391974
718,49,0.131486593,0.1192
718,394,0.139863238,0.1372206525436791
718,482,0.15990601,0.1580466584044974
718,426,0.159529644,0.1579399637890232
718,310,0.139598377,0.1375337397338125
718,415,0.154855934,-0.097498792
718,434,0.162034112,0.057413567
718,633,0.125158687,0.1228675088265568
718,39,0.131196122,0.1287216842215651
718,471,0.164146032,0.1626285535094664
718,198,0.194738318,0.2682301473896908
718,616,0.12480384,0.092445633
718,473,0.163065384,0.1588090911345523
718,669,0.130766418,0.308358386
718,627,0.124927013,0.254203421
718,86,0.15463967,0.1520891811674757
718,554,0.269324872,0.2707245313287731
718,407,0.145318382,0.1437920415412896
718,48,0.132745552,0.1304886217710482
718,65,0.151541812,0.1512596671694213
718,677,0.134824258,0.1326274464016628
718,634,0.125408537,0.1228665682212645
718,509,0.143856333,0.143363948299248
718,428,0.158591851,0.2717
718,346,0.1939591,0.1933986746970379
718,242,0.242532035,0.2431922257633671
718,274,0.1445355,0.1417270102036749
718,674,0.13257279,0.130260520681473
718,567,0.136970811,0.124638271
718,563,0.138450777,0.1366060951555877
718,476,0.161821934,0.034812947
718,561,0.13527062,0.1192
718,314,0.140336004,0.1379736437087929
718,492,0.158496487,0.1541176807559469
718,662,0.128840606,0.1268000885938054
718,100,0.208915261,0.2073775675965984
718,459,0.161335464,0.1567943156106728
718,331,0.177464954,0.1720442226013281
718,615,0.124795997,0.1222090448103291
718,21,0.128948301,0.1192
718,103,0.208293985,0.2089872218085826
722,47,0.130952492,0.1323572172804608
722,334,0.183843315,0.136221796
722,20,0.130110841,0.2620701830788872
722,313,0.142749147,0.1205
722,26,0.13267564,0.140584033
722,523,0.148610363,0.114070763
722,170,0.126632096,-0.0471339959999999
722,518,0.153222444,0.177491987
722,174,0.12616246,0.1271266937783409
722,302,0.143855389,0.145766876327705
722,433,0.160970472,0.039462883
722,430,0.162874288,0.1659376809648524
722,6,0.127363136,0.1254066304829712
722,502,0.141691273,0.14362027974319
722,479,0.163141306,0.1658236460278784
722,624,0.126488085,0.1273335378728949
722,639,0.127607372,0.1290624682930364
722,39,0.132868732,0.284022703
722,417,0.156906615,0.1603297128122839
722,471,0.165833826,0.142825218
722,54,0.138258015,0.1402798477557778
722,616,0.126570702,0.1205
722,473,0.164834347,0.374533537
722,669,0.132318526,0.274
722,627,0.126461399,0.26487158030313
722,36,0.132006403,0.1336017394792486
722,461,0.163829283,0.1665186851723492
722,554,0.271410937,0.274
722,48,0.133935086,0.1205
722,135,0.132727793,0.1345689832093644
722,252,0.251172427,0.273990217
722,35,0.129016627,0.127347781
722,388,0.141995222,0.1437807081087296
722,663,0.130428619,0.131858257485411
722,567,0.138663623,0.1272829625792474
722,314,0.141240704,0.1439527953611998
722,414,0.158505816,0.1618399342372726
722,309,0.141806729,0.1431790940389915
722,662,0.130027275,0.1295786531604173
722,100,0.209555653,0.2151459832308063
722,373,0.164244064,0.141002066
722,88,0.152513323,0.155124219
722,459,0.163407017,0.1614303064402316
722,615,0.125776502,0.1247033038239767
722,271,0.147894306,0.1503708421773277
722,103,0.208553831,0.137523931
726,307,0.144660481,0.113943435
726,670,0.134051729,0.1315826767433849
726,313,0.144258441,0.1216
726,306,0.142993628,0.132236359
726,26,0.133962277,0.1389155732345619
726,174,0.127150029,0.0282300219999999
726,18,0.130944042,0.1281580362505031
726,502,0.14299859,0.384082443
726,17,0.130711077,0.130626789
726,49,0.13391447,0.1307750025923613
726,479,0.163726303,0.1607484262084551
726,27,0.133448427,0.1308675963075945
726,426,0.162273778,0.1582056405318584
726,208,0.19794896,0.209713918
726,633,0.12851514,0.1252926824716601
726,403,0.141783599,0.155425867
726,54,0.139497903,0.238334325
726,616,0.12797686,0.1216
726,619,0.127573231,0.129088107
726,510,0.146413327,0.154566746
726,588,0.13467328,0.137397179
726,473,0.166412236,0.151132146
726,86,0.152109746,0.1510988691478512
726,36,0.133790985,0.1216
726,638,0.128867497,0.1261270237985048
726,554,0.273565073,0.2680469266512973
726,407,0.147659633,0.1450751662554145
726,63,0.155424293,0.2749
726,493,0.16180391,0.144481949
726,53,0.139028572,0.136869337
726,566,0.140384534,0.1372847600611706
726,428,0.160648894,0.1576263369819036
726,455,0.165182813,0.1612804214606534
726,346,0.197428081,0.176066088
726,242,0.246232374,0.2392296817108921
726,674,0.136314495,0.1330350767155334
726,663,0.132129902,0.2749
726,59,0.134030167,0.1311402892802653
726,561,0.137359661,0.1354988606901829
726,459,0.164736461,0.1216
726,21,0.130936992,0.156674923
726,436,0.166905635,0.130176837
726,103,0.208674888,0.1359537454883127
730,469,0.169315842,0.1742609084883539
730,642,0.131057016,0.1323977853423027
730,440,0.1666603,0.1707073766133737
730,670,0.135320503,0.1347581617217693
730,626,0.129453992,0.1309275437055335
730,313,0.145630043,0.1240181254010901
730,306,0.144661146,0.1354614371416492
730,58,0.142891573,0.1449340836694347
730,18,0.132157538,0.1223
730,488,0.163801291,0.1682435865089341
730,430,0.164832689,0.1696888292911513
730,502,0.143965512,0.2761
730,49,0.134924864,0.1223
730,624,0.128748595,0.1301252220585628
730,435,0.16421524,0.1685027769481956
730,639,0.130563324,0.1320211230950354
730,514,0.150626515,0.1542766341613219
730,633,0.130127894,0.1223
730,424,0.172964783,0.1806778441939598
730,308,0.144281907,0.1469423870267962
730,54,0.141100495,0.2496087783490337
730,616,0.129333816,0.1240181254010901
730,644,0.130280276,0.1316262926752419
730,525,0.148944987,0.1523865051533685
730,36,0.134521393,0.2761
730,218,0.210148452,0.237508275
730,407,0.148816234,0.2761
730,135,0.135009696,0.1373507215937057
730,65,0.152707871,0.1568375234489697
730,217,0.20800794,0.216991946
730,53,0.141082465,0.1404459070660991
730,338,0.190526319,0.1959989908187528
730,162,0.130528047,0.129954147
730,428,0.161692059,0.1223
730,455,0.16691268,0.1667089966636177
730,565,0.141960242,0.1449742436471726
730,242,0.248579139,0.2505720634319968
730,388,0.143974604,0.1472183857422097
730,674,0.13764276,0.1398489706546113
730,663,0.133652421,0.2181366180198252
730,505,0.144456001,0.1482937281036728
730,563,0.14218319,0.1450895658721436
730,476,0.166369628,0.1708756734725022
730,59,0.135120688,0.1223
730,460,0.16706561,0.1710236719416828
730,100,0.208684732,0.2180277187231411
730,88,0.14987327,0.171590699
730,459,0.166189166,0.131866666
730,331,0.182661597,0.209520873
730,615,0.128853062,0.1301287293862371
730,103,0.208607387,0.1394608520209237
734,307,0.146865509,0.1467905401432047
734,555,0.27528424,0.182935394
734,626,0.131110046,0.129984134
734,142,0.134198397,0.158957348
734,306,0.145954319,0.042157323
734,155,0.132768444,0.134034285433197
734,302,0.147468568,0.1474009539095803
734,488,0.165189064,0.1638098068890254
734,433,0.164032604,0.170265414
734,482,0.165268251,-0.0541411779999999
734,366,0.169438589,0.155833663
734,639,0.132129848,0.1342728412648522
734,208,0.201681473,0.27701656
734,304,0.14677017,0.1467237793323715
734,424,0.17225256,0.018897305
734,417,0.160041168,0.1594612719412211
734,585,0.138139901,0.142113597
734,616,0.13073891,0.1317752176674873
734,411,0.161658264,0.148764246
734,644,0.132060637,0.001273083
734,627,0.13096275,0.285358358
734,243,0.251944256,0.243319152710994
734,493,0.164896676,0.137399642
734,53,0.142191971,0.2783
734,677,0.140093249,0.1405472820616569
734,556,0.277233913,0.202929195
734,566,0.143371128,0.1431621382645906
734,509,0.147890516,0.1477554170009752
734,346,0.200951654,0.1970091436699766
734,242,0.250577535,0.1231
734,388,0.144956828,0.2783
734,663,0.134825382,0.2143098763399512
734,59,0.136614946,0.1252378833771198
734,314,0.145521546,0.1454967005541459
734,460,0.168553561,0.1705223962698338
734,161,0.131410911,0.147209577
734,492,0.165679831,0.1642734056105978
734,662,0.134747451,0.1353086221773208
734,664,0.135178611,0.128717171
734,100,0.208195681,0.2055251514358524
734,459,0.168076804,0.1341292865196377
734,122,0.210599829,0.156396879
734,615,0.13034892,0.241265156
734,21,0.133801759,0.1345699091723177
734,271,0.151060442,0.1510913254645613
734,436,0.168182527,0.192258756
734,103,0.208733536,0.2054532658305581
738,307,0.14842001,0.088671427
738,47,0.138795274,0.1391961204379246
738,642,0.133597314,0.1341821482771509
738,628,0.131881758,0.1320763671783389
738,125,0.140131256,0.166833286
738,409,0.163114606,0.1670821552486108
738,626,0.132563064,0.099223274
738,313,0.147537361,0.146849444
738,523,0.151853182,0.1542982260102935
738,170,0.130893401,0.1309711192493992
738,58,0.144946674,0.1468197418271241
738,302,0.149099498,0.2307722338714142
738,433,0.165579271,0.166755966
738,6,0.132188423,0.1327792731750905
738,502,0.146262168,0.1482735618513011
738,394,0.145693119,0.1478923169773479
738,479,0.168786046,0.173079100207961
738,482,0.167499418,0.509187621
738,406,0.148206623,0.1500508434934456
738,552,0.278081987,0.260191591
738,514,0.152763112,0.1559365524421364
738,415,0.161522912,0.250058212
738,633,0.132406485,0.1327691498244812
738,39,0.138084321,0.1388835549200324
738,424,0.17209851,0.1245
738,308,0.146936884,0.1492354542218319
738,471,0.171608744,0.1759899077530503
738,198,0.2030406,0.2105727102827291
738,113,0.208969711,0.202394057
738,318,0.149126513,0.1513347384599965
738,644,0.133346825,0.1245
738,36,0.136807773,0.1374220251400634
738,135,0.137413722,0.1381810890689595
738,65,0.154832458,0.1580150278786817
738,338,0.19360564,0.1995361649321065
738,677,0.141456382,0.1431825764605911
738,634,0.132604862,0.1333747248662455
738,35,0.133741818,0.37137975
738,509,0.149255788,0.1511740863970445
738,242,0.252808881,0.1245
738,388,0.145855628,0.1480713487266731
738,274,0.15032808,0.1528457508140969
738,674,0.140077854,0.1410527158878927
738,59,0.139047043,0.39494998
738,460,0.170072328,0.176415364838943
738,414,0.163248484,0.1674102079075238
738,664,0.136607393,0.1300667773122029
738,88,0.148899621,0.1526668620844003
738,21,0.13488188,0.1245
742,307,0.149696723,0.1258
742,47,0.14171976,0.2134848604163797
742,440,0.171073869,0.1583109605477681
742,628,0.1330826,0.176120554
742,606,0.133981753,0.132929132
742,334,0.192376171,0.138439186
742,125,0.141675506,0.1558281147855519
742,626,0.133841626,0.159779475
742,170,0.132265908,0.1896802256239491
742,155,0.135163709,0.1258
742,174,0.132012149,0.1258
742,58,0.146167189,0.136891252
742,488,0.167770866,0.1559723636858535
742,382,0.150963513,0.069869921
742,415,0.162587736,0.2415837583450412
742,434,0.169051178,0.1569427547000157
742,633,0.133926907,0.1258
742,424,0.173214469,0.2836
742,417,0.162939881,0.1505036784140482
742,471,0.173281559,0.1652631726342504
742,198,0.204999602,0.2008975748447533
742,473,0.172199637,0.1593220908096818
742,86,0.150626084,0.1388343862794897
742,243,0.255165289,0.2454582764706354
742,525,0.15354324,0.1402822766821239
742,461,0.171769867,0.1590013061995321
742,135,0.138763454,0.1263046570270602
742,63,0.158476574,0.1458421901715208
742,65,0.155833249,0.1467417095868576
742,493,0.16818393,0.1557858649594256
742,53,0.14457336,0.1311417092334766
742,338,0.195831947,0.1895254283652703
742,556,0.280671978,0.151202622
742,634,0.133878165,0.1258
742,509,0.151106758,0.1258
742,428,0.166912929,0.154412392695525
742,455,0.171668111,0.1598766533946553
742,346,0.204408583,0.1930736884224825
742,388,0.147278262,0.136495661365324
742,274,0.152140708,0.1414152442751219
742,663,0.137093896,0.1258
742,567,0.144869461,0.1323690345852297
742,22,0.136678857,0.1258
742,314,0.148233711,0.1352575283439315
742,460,0.171756282,0.2836
742,414,0.164245693,0.1521343055228877
742,492,0.169247031,0.156531193191052
742,309,0.147653025,0.13453031159668
742,662,0.137427199,0.1258
742,100,0.209594582,0.1987957304547179
742,459,0.170969359,0.1590489368171134
742,615,0.133569887,0.1258
742,72,0.156007365,0.1440962263851751
742,436,0.16939901,0.193923113
746,469,0.175644112,0.14803932
746,47,0.145047932,0.0370139409999999
746,642,0.136725268,0.099078221
746,628,0.134537083,0.1777273000552849
746,670,0.139948574,0.1486420349501275
746,170,0.133758043,0.188434353405947
746,58,0.147775031,0.1467508692779069
746,18,0.137125895,0.0478845529999999
746,302,0.150755507,0.1571259693862832
746,6,0.13490719,0.1439079411656855
746,382,0.152009525,0.158289985
746,502,0.147921231,0.1544872508881385
746,49,0.143132207,0.054447705
746,624,0.133970667,0.1433651112099753
746,435,0.169052913,0.170620610290155
746,639,0.135760099,0.1449119925616835
746,434,0.170465131,0.1721451452592791
746,198,0.206219207,0.1275
746,54,0.147401961,0.1542007568397881
746,616,0.134616673,0.144041083755771
746,318,0.15123371,0.1571638674298212
746,473,0.1733353,0.1746312466502473
746,86,0.151542847,0.187465649
746,243,0.256469994,0.2853
746,525,0.154683763,0.1835050322867663
746,461,0.173532115,0.1715558390378545
746,554,0.283017937,0.2607239253862134
746,48,0.143176415,0.1498444819526064
746,135,0.140242083,0.1482292064569439
746,63,0.160023709,0.1637951754126532
746,65,0.157432827,0.2155727072023361
746,493,0.170595728,0.1616705247538825
746,217,0.215540142,0.180301334
746,338,0.196898168,0.1275
746,677,0.144286482,0.1512447031268277
746,566,0.147037756,0.1537208552449846
746,35,0.137032705,0.1457173056540262
746,509,0.152472554,0.1379929413440259
746,565,0.147577556,0.1535345843277116
746,388,0.148565461,0.1464385010917175
746,274,0.153971809,0.182019159
746,674,0.14260772,0.150375422527307
746,505,0.148253042,0.1550932500403274
746,476,0.171592022,0.1730821969887661
746,561,0.143581104,0.151064671824932
746,414,0.166006232,0.1587871627681046
746,492,0.170256257,0.1622590544293123
746,662,0.13860133,0.1379929413440259
746,100,0.211389625,0.1956321823245233
746,331,0.188730764,0.1868295857447871
746,615,0.134710832,0.1441282370167236
746,21,0.137283454,0.1459840259174765
746,72,0.157043238,0.1524400959252523
746,271,0.155220819,0.1601728031070233
750,642,0.138015954,0.1294
750,125,0.144373411,0.1449326061662358
750,409,0.166854091,0.1687340917666732
750,313,0.152098172,0.1527895055933324
750,26,0.142250966,0.1423563811139098
750,170,0.134709783,0.1348088202940423
750,155,0.137816192,0.1376149994330729
750,58,0.149513871,0.1486175503704792
750,18,0.138430921,0.1294
750,433,0.169344238,0.1716891283067494
750,502,0.149595204,0.1568397495393893
750,27,0.141149477,0.1416035853600365
750,535,0.285078194,0.155407436
750,582,0.143669491,0.153683749
750,310,0.149300099,0.1505574969404283
750,435,0.170859782,0.1739862271758532
750,639,0.137348784,0.1294
750,514,0.156441718,0.135066685
750,434,0.171625137,0.1756064975797237
750,633,0.13654854,0.1368026084291945
750,198,0.20812943,0.2118202905699012
750,537,0.285849181,0.2875
750,644,0.137484509,0.150296172
750,669,0.141850443,0.1420201154949795
750,541,0.287541006,0.140901538
750,638,0.137000154,0.1368937262228947
750,554,0.284551514,0.171196902
750,135,0.14124823,0.2388395317499035
750,217,0.217634447,0.1842748662905868
750,53,0.147447323,0.1480769958417612
750,677,0.145302021,0.1294
750,565,0.148778243,0.1494961501115201
750,346,0.207487393,0.2115185041944825
750,242,0.257799649,0.2648618517610194
750,388,0.149883357,0.1482855665606987
750,663,0.140245087,-0.066565328
750,505,0.149861233,0.249448529
750,563,0.149288916,0.1497443896117201
750,59,0.144612971,0.1446287239561519
750,22,0.139701873,0.155267539
750,314,0.151016404,0.1519827208409034
750,460,0.17437833,0.1767500163687712
750,414,0.167842197,0.1294
750,309,0.149830481,0.1507128820374744
750,100,0.212640171,0.2005684379760724
750,459,0.174843933,0.1764547789452826
750,72,0.158629061,0.1546640404440401
750,271,0.155848187,0.1294
754,307,0.153642225,0.160471306
754,679,0.14735566,0.177343611
754,642,0.138966798,0.289895752
754,440,0.175399188,0.1732443518970848
754,125,0.145024155,0.1453060781272932
754,20,0.1394706,0.119732769
754,306,0.151581953,0.1514671269782168
754,58,0.151224377,0.1492883742938363
754,302,0.154020721,0.1527766776440766
754,6,0.137255526,0.1378432290078141
754,394,0.150802563,0.150360443430947
754,27,0.14235744,0.2891
754,426,0.171383406,0.039827397
754,434,0.172435877,0.1746122318839019
754,633,0.137555741,0.223072834676615
754,417,0.167703419,0.12453679
754,308,0.152105872,0.1515685276968452
754,471,0.177140845,0.1748993582258368
754,124,0.144611724,0.150607535
754,280,0.15498322,0.180196732
754,54,0.149678494,0.1491734297367029
754,473,0.175460655,-0.058570727
754,627,0.137350507,0.137398630187542
754,243,0.260386508,0.2530100513226471
754,461,0.175848143,0.1740245598101147
754,554,0.286630911,0.1704746873689215
754,99,0.213681667,0.138571895
754,407,0.158030593,0.085288067
754,634,0.137689809,0.1377561965499507
754,346,0.209105238,0.2045262277581209
754,242,0.259427156,0.173508713
754,561,0.146076592,0.1460574341073078
754,253,0.266875298,0.274899917
754,100,0.214364253,0.1980341393361614
754,88,0.15274737,0.1524364126831076
754,103,0.214673565,0.2098678278527143
758,642,0.139891665,0.291
758,628,0.138138208,0.142109913173735
758,306,0.153264432,0.1586865882831664
758,26,0.144084504,0.1496262244404611
758,170,0.137115967,0.1409909839620069
758,18,0.140554315,0.1449603520307817
758,488,0.174249281,0.395468205
758,433,0.171279764,0.1803957624456166
758,382,0.15629109,0.162918648100892
758,49,0.146122945,0.1520029002476375
758,623,0.137158809,0.156204241
758,479,0.175161621,0.1844098876828606
758,27,0.14342025,0.137333618
758,624,0.137517984,0.1420549589806754
758,304,0.15490326,0.316905637
758,514,0.159366263,0.1661793684981222
758,424,0.176313537,0.1875100395175524
758,471,0.1783169,0.1875536666816425
758,585,0.144754732,0.144132404
758,616,0.137727971,0.1420461708073158
758,473,0.177175868,0.097837549
758,669,0.144371715,-0.115140327
758,243,0.261057294,0.2728596720326315
758,541,0.289978834,0.255088154
758,638,0.139458479,0.1436250151744544
758,554,0.287823378,0.1800583559210558
758,48,0.147799422,0.1532451022554838
758,135,0.143091504,0.1482893617971265
758,217,0.219975272,0.2341476578310632
758,53,0.149932521,0.150225329
758,677,0.148116596,0.153825523101762
758,566,0.14982039,0.133009226
758,634,0.138727525,0.1312
758,35,0.14041078,0.1448413991121006
758,428,0.1723771,0.1808852140040447
758,455,0.176943375,0.1860190454013013
758,565,0.151190555,0.1571905288483954
758,346,0.210549949,0.2183453108985111
758,242,0.261333507,0.1834697611441332
758,388,0.152532209,0.1583279800124973
758,274,0.156759021,0.1630989664414577
758,567,0.149475474,0.1554645938913466
758,460,0.176732971,0.1863939651129073
758,192,0.142615558,0.156821077
758,492,0.173430712,0.162329859
758,344,0.208024406,0.198415377
758,309,0.152810152,0.1584317099169619
758,662,0.142195069,0.1467204963243797
758,664,0.142767469,0.1479481060965732
758,100,0.215655626,0.291
758,88,0.152069504,0.1597764361349604
758,331,0.194621172,0.2050925725892067
758,21,0.140717725,0.1455433027376101
758,72,0.15803033,0.1673419541078845
758,271,0.157662485,0.1647757164118836
758,103,0.215422248,0.22435131238895
762,469,0.180003711,0.556989618
762,47,0.148191585,0.1471750217671535
762,262,0.162742084,0.151826307
762,440,0.178060338,0.118564548
762,628,0.139465617,0.400648773
762,125,0.146475096,0.1445789012296887
762,626,0.138939707,0.1368649366571341
762,313,0.155395008,0.1534310631759924
762,26,0.145374384,0.2922
762,155,0.141089109,-0.003390312
762,114,0.216993581,0.220830492
762,174,0.137325135,0.1352838041587492
762,58,0.153011388,0.1512324806172731
762,422,0.17229444,0.192200316
762,18,0.141388897,0.1438064568525231
762,502,0.153342095,0.061726681
762,17,0.140808002,0.167334745
762,49,0.146860288,0.2663638548184328
762,624,0.138300433,0.17064179
762,639,0.140084789,0.1377672412795307
762,514,0.16033545,0.2922
762,434,0.175564531,0.1740581833066136
762,417,0.170502085,0.1687256086885516
762,439,0.177472158,0.193884039
762,54,0.151312453,0.1493523091399162
762,33,0.143666894,0.172425617
762,135,0.143644949,0.2906316917945102
762,677,0.149365688,0.1322
762,35,0.141591386,0.2922
762,509,0.15737381,0.142815635
762,455,0.178374997,0.2449129980827481
762,565,0.151113606,0.1502306932837237
762,242,0.262734016,0.2638039377469247
762,663,0.143341055,0.1409140081819306
762,505,0.155137465,0.1531325676099102
762,563,0.151076136,0.1493030524220214
762,190,0.145042408,0.165119331
762,476,0.176478066,0.175257561547512
762,59,0.146396407,0.1450153153996475
762,460,0.177706736,0.1865304785182028
762,662,0.142947279,0.1456214190858515
762,664,0.143643044,0.1468872615408708
762,100,0.214672963,0.2922
762,88,0.150117673,0.1590839731292906
762,615,0.138500294,0.1367416737029767
762,103,0.215094043,0.1322
766,642,0.141244417,0.1371530461732401
766,440,0.179291783,0.1331
766,628,0.139819255,0.2931
766,409,0.171698573,0.1694603604944216
766,670,0.145658469,0.0618723819999999
766,13,0.14062653,0.185356842
766,155,0.141346169,0.238360541
766,174,0.137756173,-0.095690238
766,302,0.156613331,0.186146559
766,430,0.177006552,0.1747013744799134
766,6,0.13962777,0.080422786
766,502,0.153969497,-0.08801634
766,17,0.141567638,0.139194181
766,49,0.147739173,0.406189898
766,623,0.139005874,0.089210271
766,482,0.176764451,0.1853958
766,310,0.153816233,0.1505958441033914
766,415,0.170047277,0.16773460487952
766,54,0.151816101,0.14989745
766,644,0.140963568,0.1368167588590697
766,627,0.139791079,0.1350947765092868
766,243,0.264742538,0.2683974299524507
766,36,0.144975692,0.135077847
766,638,0.141149129,0.1371944549010011
766,554,0.290222934,0.2931
766,398,0.154957858,0.153444966
766,48,0.149274483,0.1451095721572125
766,63,0.158863663,0.1331
766,65,0.156254615,0.162445744
766,390,0.153890125,0.16083775
766,634,0.139909114,0.1357749425241158
766,242,0.263549337,0.2686889760899243
766,567,0.150821727,0.1477556594951293
766,476,0.177179884,0.1741209170198871
766,460,0.17894552,0.208100745
766,414,0.172499392,0.133923574
766,492,0.175873234,0.1735424523575287
766,309,0.154600275,0.1510836526296126
766,664,0.144626137,0.1438212670283327
766,331,0.19530364,0.1951531399946365
766,615,0.139350297,0.1331
766,21,0.143046844,0.1384253734423433
770,642,0.141947403,0.1338
770,555,0.290963826,0.264632566
770,409,0.172720887,0.1669854241403809
770,26,0.146293332,0.1443944523882143
770,170,0.139000168,0.1838405124306096
770,155,0.142082425,0.0506107279999999
770,58,0.154122097,0.1518172690282395
770,422,0.172209802,0.174085955
770,18,0.143221722,0.1413283712759218
770,355,0.182122321,0.209058186
770,302,0.157356491,0.1827820435955396
770,433,0.176450239,0.1715589592113654
770,382,0.15895547,0.1560516120322601
770,17,0.142240881,0.1383328032528212
770,623,0.140025514,0.1338
770,394,0.154095324,0.1511932569681981
770,512,0.160203466,0.158832615
770,304,0.15760761,0.1548740811209268
770,514,0.163798844,0.1599832885541015
770,633,0.141155125,0.1393528791668319
770,424,0.173422984,0.1704782044003453
770,417,0.171581014,0.1681954941344503
770,198,0.214587411,0.199880299
770,54,0.152607049,0.1484654567306443
770,318,0.158318688,0.1551766216936374
770,473,0.180677294,0.1764804242665381
770,669,0.146812266,0.1449772570245628
770,627,0.140792222,0.1338
770,36,0.145494583,0.151168785
770,638,0.141361705,0.238613199
770,407,0.161971023,0.1592742554153419
770,48,0.150118377,0.1439328315041726
770,135,0.145396292,0.1431580327663769
770,65,0.156105387,0.15463541
770,493,0.175327758,0.1718614231023695
770,338,0.202487228,0.1977254735052808
770,402,0.154032428,0.166599793
770,634,0.140387952,0.143604496
770,35,0.142875675,0.1414505290210759
770,565,0.15237302,0.1499807336381466
770,242,0.264112447,0.2560583041188314
770,274,0.159441625,0.1565867641948214
770,674,0.14807527,0.1462212965359725
770,663,0.144361864,0.1428723195681411
770,563,0.152584856,0.1501690156281571
770,561,0.149246634,0.1471711433671115
770,492,0.177266619,0.1338
770,309,0.155485701,0.149588420210339
770,664,0.145193456,0.1427132088407937
770,88,0.148219839,0.1472970443155665
770,615,0.140122152,0.1338
770,21,0.143891572,0.1376049825680504
770,72,0.154700211,0.1534471566862791
770,271,0.16062526,0.1576856215686943
770,103,0.212420284,0.2087140036963738
774,628,0.141494262,0.0156894949999999
774,626,0.141379667,0.1432409390356882
774,433,0.177287968,0.1744183024739222
774,6,0.140863168,0.161733465
774,17,0.143043488,0.370046783
774,479,0.178970905,0.1756511264566333
774,158,0.14135616,0.157505441
774,406,0.158179263,0.1578482965454993
774,514,0.165081092,0.1822202969366883
774,415,0.171650313,0.1699210552711706
774,633,0.14162819,0.1423033299353113
774,417,0.171901871,0.1345
774,198,0.215210126,0.1947015716030975
774,537,0.293866094,0.2749457705379036
774,54,0.15386192,0.150192036288914
774,627,0.140935693,0.137496234153967
774,525,0.163532037,0.1632707259515369
774,36,0.1462131,0.1525322921325545
774,638,0.142186372,0.2282324219233029
774,461,0.180729971,0.16100951
774,99,0.211167305,0.165389954
774,407,0.164035071,0.1345
774,135,0.145959346,0.1455974296745958
774,53,0.15369853,0.1542267475947895
774,402,0.154717802,0.152466369
774,566,0.152776523,0.1532163126836327
774,509,0.160655113,0.1602518465281944
774,428,0.175525681,0.1725893207162844
774,455,0.18111542,0.1773680051323377
774,346,0.213886537,0.205900930495064
774,242,0.26521479,0.170877383
774,388,0.154688466,0.1554506254927197
774,567,0.152778822,0.1531229648684671
774,563,0.153522316,0.1537581767098463
774,476,0.179802031,0.1761306319261388
774,59,0.150952567,0.1507410650342416
774,414,0.174610963,0.1724265572045681
774,662,0.14486876,0.146295092904218
774,615,0.140536844,0.1429692850335445
774,271,0.161225797,0.1345
778,47,0.150339623,0.153043669
778,26,0.147576371,0.23399301
778,523,0.165790252,0.251953322
778,58,0.155301976,0.1625891673856614
778,302,0.158308018,0.1653663223592578
778,433,0.177526718,0.1832239526988197
778,382,0.160024303,0.1674639656452663
778,479,0.180703771,0.1355
778,27,0.14693282,0.1529552391441118
778,426,0.177217689,0.1851507179510566
778,415,0.172152935,0.2958
778,424,0.173937971,0.1825972571875917
778,417,0.172358591,0.1400863046712992
778,97,0.210696794,0.18826317
778,324,0.193731776,0.141634486
778,537,0.294115568,0.157652957
778,411,0.174527094,0.195361544
778,473,0.181636442,0.161549089
778,525,0.165028644,0.077328514
778,554,0.294838887,0.2958
778,48,0.152293585,0.1583402331065539
778,289,0.159832281,0.152896508
778,63,0.159580468,0.152594099
778,493,0.17834578,0.150946363
778,217,0.224301398,0.204980814
778,338,0.205107911,0.2148767142590947
778,556,0.29393957,0.277847662
778,509,0.162442859,0.1679149953406404
778,428,0.176899298,0.1844206394848468
778,242,0.267695072,0.1793974638830782
778,388,0.155378969,0.2003879948816425
778,274,0.160619322,0.1675994259976054
778,190,0.147783241,0.160749246
778,476,0.181160825,0.1850743787099241
778,253,0.272382594,0.286067892
778,22,0.144700471,0.1504138016742793
778,314,0.157698283,0.1643519901489273
778,309,0.156910385,0.1635584549304802
778,664,0.146342116,0.1522251206939128
778,615,0.140898384,0.1492386236372789
778,72,0.155771446,0.1622828068180785
782,307,0.15959157,0.167570784
782,613,0.143186587,0.174198749
782,469,0.184316942,0.1893678185424495
782,47,0.151739099,0.1575823613267916
782,440,0.181838615,0.158733711
782,20,0.145961089,0.0111805439999999
782,523,0.16738013,0.2612386754349908
782,418,0.172926007,0.175606932
782,17,0.144318568,0.1477093955068694
782,394,0.156169354,0.1600587550949488
782,27,0.147623942,0.1574896877338665
782,426,0.177599839,0.164155327
782,310,0.156401306,0.1599730609635112
782,304,0.158516184,0.1622624577077118
782,633,0.142554283,0.1459075173609319
782,39,0.148626315,0.1521349823086007
782,417,0.173336192,0.1778242038677555
782,308,0.158069317,-0.092687598
782,198,0.217612055,0.2237866217287196
782,588,0.15,0.165942273
782,318,0.160084848,0.1642713285242713
782,627,0.142053821,0.145010997661233
782,525,0.165996128,0.170553407
782,36,0.147633061,0.1513553029991913
782,554,0.295083482,0.2969
782,407,0.16654131,0.1705470680771809
782,503,0.157553077,0.172315794
782,63,0.160076831,0.157111216522213
782,472,0.182584755,0.199758921
782,660,0.145574181,0.159209337
782,493,0.178838056,0.1553844058904602
782,338,0.206418653,0.265266125
782,566,0.154346804,0.1580606712380921
782,634,0.143324858,0.1464292559723274
782,455,0.183067662,0.1883279223010347
782,565,0.155069766,0.1590501120073525
782,346,0.216394299,0.2225194584047128
782,14,0.143272992,0.176235147
782,388,0.155875042,0.1363
782,563,0.155505137,0.1591922131454
782,22,0.145863153,0.1548262870174643
782,664,0.146878738,0.1363
782,100,0.211377459,0.2185229511422822
782,331,0.199424654,0.2057855240503634
782,271,0.162514489,0.16695811149821
786,469,0.18542354,0.1629200501397975
786,47,0.153129595,0.1572564614101539
786,642,0.145327807,0.1448006999199437
786,125,0.151225489,0.1499705215849659
786,670,0.149512128,0.149068387191814
786,20,0.146333069,0.137
786,306,0.159573566,0.1585538961410271
786,58,0.156126399,0.1551249631484241
786,18,0.145430108,0.384324237
786,302,0.160051216,0.158648291066632
786,433,0.179089327,0.1772898502866478
786,382,0.161374149,0.1600867376461725
786,49,0.15178738,0.151042766465088
786,479,0.181769494,0.1799802363590112
786,535,0.293595694,0.160916712
786,426,0.178153285,0.1636197068076279
786,435,0.179198307,0.1771440234572358
786,639,0.144714887,0.1439216042160986
786,434,0.182221841,0.1800507590667988
786,633,0.143487159,0.145954120758233
786,39,0.149441457,0.1519828891462537
786,308,0.159951621,0.137
786,198,0.218725322,0.2789241278364842
786,616,0.142813111,0.1422089132032911
786,644,0.145229598,0.1442788878381201
786,473,0.182535939,0.180787548897321
786,669,0.149057463,0.1483565015667887
786,86,0.151618055,0.1508368520078126
786,525,0.166902488,0.1698136465202018
786,541,0.297056921,0.144498635
786,554,0.294712079,0.2921289629793765
786,407,0.166692376,0.1698075098501721
786,48,0.153851796,0.152868830908634
786,493,0.181328747,0.177833961434338
786,217,0.225696446,0.2979
786,53,0.155674217,0.154613136951137
786,338,0.207645165,0.2615044139544972
786,677,0.154239006,0.1535452029914066
786,566,0.154651361,0.1577195101301639
786,428,0.17778842,0.1767411687695055
786,455,0.183690294,0.1870210393935064
786,565,0.15609752,0.137
786,346,0.218543009,0.220121643528884
786,388,0.156987898,0.137
786,674,0.151665648,0.1510180055374302
786,663,0.146991198,0.1463731267686371
786,505,0.161631705,0.1595349001441938
786,563,0.156090055,0.1588149485048195
786,476,0.182332477,0.1803225822982019
786,59,0.152784466,0.1520470056805436
786,561,0.152131491,0.1516037021098562
786,22,0.147363092,0.137
786,460,0.182996918,0.1818160775788959
786,492,0.180803618,0.1783030918036356
786,309,0.158185023,0.1568818427894108
786,662,0.147678869,0.1469389299875643
786,100,0.212230658,0.2162526507928821
786,88,0.150270398,0.1497303211280062
786,459,0.182953887,0.181053105659446
786,331,0.200431968,0.203921630314762
786,122,0.217112819,0.237993386
786,615,0.142758197,0.1422226630353872
786,72,0.156902893,0.1561906927592364
786,271,0.163403668,0.1663330642850664
790,307,0.161518077,0.148525627900129
790,47,0.152669268,0.1451864834904437
790,628,0.144213192,0.166407929
790,20,0.14692649,0.1378
790,313,0.160231152,0.1475293362395522
790,170,0.142592017,0.1378
790,598,0.145425233,0.176982543
790,488,0.18140375,0.220246869
790,430,0.182317517,0.542981989
790,17,0.146034794,0.1378
790,49,0.152795205,0.1388302120260295
790,27,0.149416032,0.1378
790,406,0.161553581,0.1484615372938825
790,426,0.178852025,0.24783467
790,624,0.143607805,0.170753246
790,435,0.180233639,0.1655303761749421
790,514,0.168434357,0.144528106
790,415,0.17452288,0.162039301985009
790,434,0.182616707,-0.04733496
790,424,0.175067646,0.162796731772715
790,417,0.175497255,0.1629418099994607
790,308,0.160328187,0.162789767
790,471,0.185297086,0.1726816825390771
790,198,0.218876679,0.221835625
790,537,0.29769726,0.2878221685602143
790,54,0.156993823,-0.027023827
790,644,0.14591685,0.1378
790,627,0.143912063,0.1378
790,243,0.270832015,0.2595840518325338
790,525,0.167957218,0.1550538432659191
790,36,0.149161217,0.1378
790,554,0.295678066,0.2831537059945576
790,135,0.148747702,0.1378
790,65,0.159232177,0.1463490412289492
790,53,0.156924242,0.1378
790,338,0.208523138,0.2982
790,566,0.155722123,0.1425216076725306
790,428,0.178885657,0.1651182777731758
790,663,0.147880716,0.1378
790,505,0.162292647,0.1475172022071862
790,476,0.182934076,0.204672816
790,59,0.153553653,0.1378
790,314,0.159428948,0.1466806382287777
790,492,0.181994453,0.166716039958031
790,664,0.148776051,0.149983637
790,331,0.200994594,0.1929224093948781
790,21,0.146763105,0.1378
790,72,0.15756504,0.2287355745196521
790,271,0.164510833,0.1544713538224573
794,440,0.183811583,0.2714649464802037
794,628,0.1452466,0.0282865969999999
794,409,0.177534511,0.1752922514453486
794,306,0.160893772,0.2660653058917522
794,523,0.169077446,-0.0751057789999999
794,170,0.143449937,0.1384
794,174,0.143095456,-0.0555572789999999
794,18,0.147169437,0.1422636043366277
794,302,0.162448192,0.1582374371419228
794,488,0.18131013,-0.0529802749999999
794,6,0.144657955,0.138470865
794,382,0.163277814,0.1592265027708704
794,502,0.158359756,0.1552933418520024
794,623,0.143686456,0.1394086213396622
794,394,0.157866736,0.1538254561009261
794,406,0.163097751,0.1586257152760215
794,426,0.180212655,0.2512350606313878
794,310,0.159973107,0.1559255171644787
794,624,0.144187801,0.1685001264942048
794,435,0.181493667,-0.161127531
794,304,0.161641868,0.1578354030227777
794,415,0.174805583,0.130337716
794,633,0.144882908,0.1398009502764735
794,39,0.150909447,0.1465506394734978
794,424,0.175503018,0.053066626
794,417,0.176634706,0.1601157634468714
794,308,0.160459517,0.1599525689066875
794,471,0.186487129,0.1384
794,616,0.144613275,0.156776301
794,588,0.152012004,0.162477077
794,644,0.146615914,0.141842113698995
794,669,0.150651973,0.1463613626577172
794,627,0.14475897,0.1384
794,577,0.154807741,0.147227579
794,243,0.272220567,0.2478166479001494
794,36,0.149701479,0.1384
794,48,0.155661574,0.1510504340604217
794,493,0.183381997,0.1807052841550098
794,217,0.228781204,0.2294040311463924
794,566,0.157276966,0.1384
794,634,0.144993966,0.1403294523024602
794,242,0.270129343,0.2735723159474844
794,388,0.159361043,0.1551428653720086
794,663,0.148702748,0.1384
794,505,0.163626172,0.168408475
794,314,0.160445053,0.1426619217088039
794,492,0.183252472,0.144336367
794,664,0.149590644,0.1462071777719544
794,459,0.184028557,0.1821520250164625
794,615,0.144693102,0.139526312507293
794,72,0.158427315,0.2307351486597778
794,271,0.165074859,0.1384
794,103,0.213540381,0.2137069860196136
798,47,0.155000914,0.164730293698089
798,440,0.184237187,0.1919784879278391
798,628,0.145595279,0.1388
798,409,0.177781078,0.158088112
798,670,0.151424376,0.081199874
798,313,0.161877008,0.1715950203949763
798,523,0.169851554,0.1388
798,174,0.143838638,0.1388
798,181,0.143202723,0.1656725
798,488,0.181926836,0.1388
798,433,0.181654236,0.061827615
798,430,0.184123191,0.1913783747588002
798,482,0.182829379,0.1906992782197739
798,27,0.150469648,0.1612801783120565
798,426,0.181592107,0.2528199727053229
798,435,0.181670146,0.1388
798,208,0.220089491,0.191901606
798,304,0.161861345,0.1685381461628868
798,514,0.168561039,0.1781532479772963
798,434,0.184359289,0.1913962382401122
798,633,0.145882837,0.2998
798,39,0.15142221,0.1622883135714397
798,471,0.186775417,0.2998
798,537,0.298333282,0.2946392075630174
798,54,0.158154459,0.1679365747299214
798,616,0.145648375,0.1675824354540901
798,644,0.146973548,0.1541061485395273
798,473,0.184802229,0.4297058419999999
798,627,0.145252291,0.1567382564412574
798,243,0.272065617,0.1388
798,525,0.16957959,0.189478558
798,461,0.185109156,0.1925803426870443
798,554,0.297148256,0.2937475585167882
798,407,0.170129338,0.1789758668864573
798,48,0.155667437,0.2998
798,63,0.164049726,0.1730678092035932
798,217,0.229760858,0.2331201248963779
798,53,0.158468321,0.1683713369971558
798,338,0.211370066,0.215661268990656
798,35,0.148618635,0.1596765401344943
798,509,0.165509682,0.1753116839000152
798,428,0.180965302,0.1885807348488428
798,455,0.185612179,0.1928362761298194
798,346,0.219488681,0.2241535947167561
798,242,0.270848108,0.151322466
798,14,0.145755199,0.14251345
798,388,0.15938092,0.1661084585489123
798,674,0.153209047,0.1636551406053013
798,663,0.149234208,0.1388
798,505,0.164062159,0.1780790571385903
798,567,0.157145279,0.1673302288337951
798,563,0.158461993,0.1681023317019719
798,22,0.148784671,0.160321515
798,314,0.161485928,0.2786563756243072
798,460,0.184571429,0.1922354203034195
798,492,0.183200034,0.1563569086541856
798,662,0.149413872,0.1605171876602006
798,88,0.153545681,0.1634612655246592
798,459,0.184709229,0.1388
798,331,0.202161442,0.2081549828882852
798,122,0.218601667,0.167333456
798,72,0.159685116,0.2343212964878293
798,271,0.165258239,0.1510000597470637
798,103,0.214589106,0.2545444559159742
802,469,0.187523224,0.1961444267788704
802,47,0.155797101,0.1627978912013614
802,642,0.147706844,0.154788576885614
802,628,0.145602556,0.1530506673008519
802,555,0.297789845,0.258565013
802,670,0.152026437,0.1397
802,626,0.145657258,0.0168277139999999
802,313,0.162333495,0.1799946536167339
802,26,0.151402697,0.1588434425887647
802,523,0.169425559,0.061485599
802,170,0.144645931,0.1515268837051135
802,174,0.144141009,0.170920635
802,658,0.148437162,0.169953095
802,58,0.159721138,0.1674389789003255
802,433,0.182828074,0.1397
802,17,0.147886258,0.1546081737034977
802,406,0.163393764,0.065345568
802,310,0.160881056,0.048293897
802,435,0.182381975,0.31770667
802,474,0.185202377,0.224383605
802,304,0.162570807,0.1699074757228739
802,514,0.169311238,0.17553705
802,415,0.176662758,0.1842110082624698
802,434,0.185185909,0.1932224882094445
802,633,0.146455765,0.2996
802,424,0.177189292,-0.015266134
802,308,0.161354821,0.1689984180350595
802,537,0.298999275,0.2996
802,54,0.15841585,0.2919731025419972
802,411,0.178492166,0.187465295
802,669,0.152068598,0.155013743
802,243,0.272451724,0.1460086009353773
802,36,0.150691284,0.1577563393410862
802,461,0.18591664,0.193999588484397
802,407,0.170010745,0.1397
802,135,0.1510881,0.157829649475484
802,65,0.162897268,0.184917189
802,493,0.184181967,0.1927003375777519
802,217,0.229476152,0.2402729274915804
802,53,0.158245686,0.1766538941823191
802,338,0.211750833,0.1397
802,35,0.149298466,0.1676433242644125
802,428,0.180621652,0.1975972463063244
802,455,0.186622196,0.2020073380952936
802,565,0.158848648,0.1661564572666562
802,346,0.21995087,0.2296276909748897
802,242,0.270980474,0.1589858512633475
802,274,0.164055585,0.186187243
802,663,0.150057753,0.1460086009353773
802,505,0.164207071,0.1397
802,476,0.18412361,0.196107262
802,59,0.157026238,0.1640381860069352
802,561,0.155185825,0.1624498097793868
802,314,0.161746757,0.1397
802,460,0.185353495,0.1934423325982874
802,414,0.179666674,0.1878837484783216
802,662,0.149762389,0.1570079419511991
802,664,0.151119196,0.1581647344400226
802,88,0.154724299,0.1715655013188995
802,459,0.185213035,0.1460086009353773
802,331,0.203019768,0.2178823815815669
802,21,0.148599147,0.1554632216335422
802,103,0.21568123,0.2659566030698057
806,440,0.18506293,0.1862299765888657
806,628,0.146140641,0.365909191
806,334,0.207565058,0.184829327
806,125,0.1539354,0.15632094427553
806,670,0.152240949,0.359520027
806,174,0.144614364,0.1731308498432242
806,433,0.18385736,0.1403
806,6,0.145755166,0.1485850136696178
806,623,0.145035546,0.1478042250665504
806,651,0.148174648,0.143258585
806,310,0.16134825,0.1403
806,208,0.221833779,0.224482922
806,514,0.170060793,0.1775776517468592
806,633,0.146827507,0.151744109
806,424,0.177802998,0.1403
806,417,0.178460267,0.1798768327420999
806,537,0.299152544,0.290867907
806,54,0.158606326,0.2897356921516951
806,616,0.146622994,0.1497111931278351
806,627,0.146318328,0.1490500325857661
806,243,0.273258662,0.2709315544686377
806,525,0.170952414,0.1721449449329445
806,36,0.151339914,0.1536447515318508
806,461,0.186787401,0.1953618525343426
806,48,0.155588305,0.1580942621189453
806,65,0.163324546,0.178286246
806,53,0.158320285,0.1609215949686786
806,338,0.211954348,0.2258553319636749
806,566,0.158718849,0.169895832
806,634,0.146913984,0.1494671544264011
806,509,0.165929289,0.1677516674621383
806,455,0.187305175,0.2030753870007124
806,565,0.159038603,0.1685417142014139
806,388,0.16053573,0.1622620465080355
806,59,0.157389838,0.2999
806,22,0.149599103,0.1523017685486348
806,314,0.162037473,0.14305730161355
806,460,0.186034434,0.1948250709548779
806,331,0.20361414,0.1520969200273405
806,21,0.149183156,0.2142995681654425
806,72,0.160404444,0.1631986903684851
806,271,0.166501133,0.1687241850030294
806,103,0.216190578,0.2162468823173048
810,307,0.164134568,0.1580162823805248
810,469,0.187895456,0.1818171121685243
810,440,0.1855505,0.151285053
810,670,0.15288117,0.3004
810,313,0.163206942,0.1571187560495749
810,306,0.16319706,0.1570577955069648
810,18,0.148562065,0.1428457018800815
810,302,0.163308378,0.1576434447111123
810,433,0.184100642,0.118614841
810,382,0.164418937,0.141020591
810,27,0.151747545,0.227968563
810,426,0.182794075,0.1768276195792583
810,310,0.16189786,0.168001015
810,552,0.298766265,0.285302182
810,435,0.183453467,0.1769263856937601
810,304,0.163579644,0.1578281172544509
810,424,0.177838612,0.3004
810,417,0.179333025,0.156104323
810,471,0.187757466,0.1805643727203923
810,198,0.2214327,0.2147816857360232
810,537,0.299444673,0.2841532729470814
810,387,0.160964778,0.14859766
810,644,0.148388503,0.1426929395638414
810,473,0.188428198,0.1813952950424212
810,627,0.146475397,0.2770246934217704
810,86,0.156266804,0.1505948375955898
810,525,0.171325222,0.3004
810,461,0.187755091,0.1413
810,218,0.233028098,0.208617417
810,503,0.161100061,0.177465916
810,48,0.156317664,0.152488610874155
810,63,0.165123311,0.15914057471079
810,217,0.230317001,0.2238731314662649
810,53,0.158645433,0.1552923286192038
810,509,0.166789126,0.1620653533982598
810,346,0.221311293,0.2141665459248438
810,663,0.150660764,0.1447409714368754
810,505,0.164532819,0.158638763358652
810,567,0.159062434,0.1526152302676017
810,476,0.186736186,0.1791430898766191
810,253,0.279482782,0.225532643
810,460,0.186999325,0.1889126281358698
810,309,0.161800081,0.1558682140924542
810,662,0.150732937,0.1447036071481516
810,100,0.21487779,0.2084734367450647
810,459,0.186573001,0.1799865109245982
810,331,0.203540608,0.1465413611730996
810,21,0.149729146,0.208224465937462
810,103,0.216662137,0.2101555152807595
814,307,0.164092122,0.2213967938520485
814,469,0.188555999,0.1765388420526909
814,262,0.171257081,0.183262084
814,440,0.186350795,0.1415
814,409,0.18151731,0.180806356
814,670,0.153147662,0.017524739
814,626,0.145976405,0.1415
814,20,0.148969699,0.1415
814,26,0.152425225,0.1415
814,58,0.161135682,0.1457828397807094
814,418,0.17566399,0.1642519
814,302,0.163488809,0.1420581716196487
814,433,0.184578992,-0.240303576
814,430,0.184472773,0.1724660292264214
814,502,0.162241676,0.1469180127367997
814,17,0.149159688,0.2823195498084406
814,49,0.155365355,0.1415
814,394,0.16070145,0.14520978520288
814,482,0.185914868,0.026736949
814,27,0.151738257,0.2222134116705658
814,310,0.161936819,0.153863534384054
814,624,0.145398012,0.1415
814,304,0.163412871,0.1415
814,514,0.172012946,0.1576754068671217
814,415,0.178146761,0.0630438419999999
814,434,0.186808988,0.1744646091545972
814,633,0.14730111,0.1415
814,424,0.17786974,0.3003
814,471,0.188590634,0.317711385
814,318,0.165838969,0.1501999212059658
814,644,0.148323187,0.1415
814,473,0.189318057,0.1415
814,669,0.153386396,0.1415
814,627,0.146693899,0.2781266615249558
814,86,0.156275324,0.3003
814,243,0.273500089,0.2743785103026191
814,36,0.151849212,0.1415
814,638,0.148238665,0.1415
814,407,0.17083703,0.1563038136784411
814,48,0.15724938,0.1415
814,135,0.151806264,0.1415
814,63,0.16511839,0.1415
814,493,0.184422395,0.1727296697110279
814,217,0.231526196,0.2175455162487604
814,338,0.212318952,0.2043359076448069
814,428,0.180994626,0.1686299808466317
814,367,0.186375332,0.188433563
814,565,0.158955255,0.1435503004073188
814,346,0.222358613,0.2064821335900736
814,242,0.272741734,0.2725912936595281
814,388,0.161116267,0.1460379490038496
814,274,0.164594737,0.149400123137009
814,663,0.150932292,0.1415
814,505,0.164086596,0.1415
814,567,0.159184986,0.2748598364380226
814,563,0.158959565,0.1436190417447006
814,476,0.18812042,0.1752175280272794
814,314,0.162672136,0.1478152871642244
814,414,0.180557313,0.1683442035336749
814,492,0.184859396,0.1728548370511028
814,662,0.150892225,0.1415
814,88,0.154718165,0.1415
814,331,0.203696839,0.1415
814,21,0.149989829,0.1415
814,72,0.16070003,0.1454732592794473
814,271,0.165926706,0.152032098793755
814,103,0.216666779,0.209326561108508
818,297,0.162591132,0.184640923
818,47,0.157434543,0.111096225
818,642,0.1494175,0.1573387142337985
818,440,0.186817991,0.194027987400871
818,628,0.147466319,-0.0076414509999999
818,606,0.147595455,0.180009766
818,125,0.154469787,0.1622760541628747
818,20,0.149467217,0.1569105004155127
818,306,0.163271499,0.1711235401689796
818,155,0.14850112,0.1561612059175947
818,174,0.145600743,0.1531468727621832
818,256,0.280133673,0.20657055
818,433,0.184941436,0.1418
818,502,0.162924297,0.1548732825080341
818,49,0.15723433,0.1418
818,479,0.187870203,0.159923839
818,365,0.186452409,0.195382486
818,310,0.162016505,0.1697861771435995
818,435,0.18420682,0.1910379427481066
818,514,0.173191458,0.1418
818,633,0.146917632,0.1552536781946925
818,424,0.177525754,0.2576572602387794
818,308,0.161523822,0.1700711939494675
818,629,0.147007922,0.182000485
818,324,0.199114974,0.216978679
818,616,0.147451696,0.154843666107408
818,377,0.188170482,0.17961482
818,473,0.189023058,0.1494934772384221
818,243,0.273684095,0.2814349370819555
818,525,0.172117844,0.1793294069654645
818,36,0.152137945,0.1494934772384221
818,638,0.148907815,0.1494934772384221
818,461,0.189393527,0.1965463519337518
818,407,0.170998497,0.1641928954027052
818,65,0.163262856,0.1712470986545444
818,566,0.159271913,0.1669671032536125
818,35,0.150573875,0.157910871761448
818,509,0.169877754,0.1757694339534593
818,428,0.181210509,0.1764321392559262
818,565,0.159579121,0.1515293190629832
818,346,0.222607644,0.2297818806517845
818,485,0.186105108,0.147624201
818,663,0.151370004,0.1494934772384221
818,59,0.157334385,0.1650684098062966
818,460,0.187675949,0.1950965593847328
818,414,0.180534155,0.1761483772256641
818,100,0.215518221,0.2911817408158664
818,331,0.203504808,0.2112517082467619
818,103,0.216437978,0.2168417299276065
822,613,0.148187787,0.157909099
822,47,0.158618052,0.1424
822,440,0.187341183,0.1915894240692058
822,670,0.153332084,0.1519447303205691
822,626,0.147029277,0.2261433570432
822,20,0.149987178,0.1554676011197706
822,313,0.163963382,0.1623082292317461
822,306,0.163427106,0.1424
822,170,0.146049728,0.1444843915342754
822,58,0.16102303,0.159463382746302
822,6,0.14675787,0.1452623517923194
822,382,0.165274948,0.1630579751903854
822,482,0.186460766,0.325133648
822,426,0.183236983,0.1811011461724
822,310,0.1619518,0.1679978921739462
822,424,0.176954961,0.2535118631815002
822,308,0.161770603,0.1424
822,54,0.160091707,0.1584845406081259
822,616,0.148020958,0.2104979772061261
822,318,0.165519816,0.1642983796105552
822,473,0.189209275,0.1482495370811031
822,86,0.155871546,0.1549005411775987
822,243,0.274222691,0.2691087835202351
822,638,0.149401585,0.1476795850341663
822,398,0.161620641,0.160619391
822,48,0.158345189,0.1563590993938027
822,338,0.21228702,0.2090996527043034
822,462,0.18934341,0.172480513
822,677,0.158001615,0.156591713602187
822,634,0.147886782,0.1464877157876376
822,35,0.150822803,0.3009
822,509,0.170807889,0.1738206501433101
822,455,0.187836329,0.1855455717659534
822,242,0.273996187,0.2681985356457709
822,505,0.165567793,0.157853925
822,476,0.187958172,0.1859397467049306
822,59,0.157294609,0.155880115143629
822,414,0.180907745,0.1424
822,664,0.15272407,0.162004569
822,459,0.188514309,0.1856993967257831
822,615,0.147142081,0.1456467648094792
822,21,0.150085972,0.1490029127517273
822,72,0.160478026,0.1593984086948483
822,103,0.216642556,0.2133982742491644
826,469,0.19006378,0.41850664
826,642,0.149544418,0.1583308096511257
826,440,0.187830972,0.1981113325251347
826,626,0.147294589,-0.002160042
826,26,0.15309102,0.150556342
826,170,0.146589374,0.39138476
826,58,0.161032324,0.167922020313579
826,382,0.165738604,0.1712999115538036
826,17,0.149355507,0.1586890251231824
826,394,0.160420658,0.1690350129648388
826,384,0.164997325,0.157765768
826,552,0.298754454,0.279452602
826,435,0.184222178,0.191090738281507
826,512,0.170188412,0.172845187
826,434,0.185834337,0.1930867636517214
826,633,0.147993372,0.1565984747943674
826,39,0.154168111,0.1625366877653705
826,424,0.176580518,0.2718924468866353
826,471,0.189161102,0.1960192738892461
826,280,0.164971166,0.145064336
826,54,0.160002801,0.1670021880000298
826,616,0.14784527,0.2158799772324523
826,411,0.179466585,0.194235135
826,644,0.148793422,0.1576419649707656
826,473,0.188638106,0.2999
826,669,0.154085422,0.1627681235126095
826,86,0.155801688,0.145223846
826,525,0.173292797,0.1801026875747389
826,36,0.15287089,0.1615144981013205
826,638,0.14984261,0.1568486127750081
826,554,0.298320787,0.2990516216005139
826,99,0.215133061,0.223586929
826,48,0.158909975,0.1650048797178928
826,33,0.15285639,0.160706868
826,135,0.152073453,0.1608686322109529
826,419,0.178547219,0.165658677
826,65,0.163463934,0.1715291735621108
826,380,0.166408908,0.159917025
826,217,0.230478912,0.2351013537722565
826,338,0.212664444,0.2175611669850655
826,677,0.158164077,0.1652234707011755
826,566,0.159225859,0.1677104212416413
826,35,0.151207976,0.2999
826,509,0.17046371,0.181413755059125
826,455,0.187731839,0.1924318358728866
826,505,0.166604212,0.1664095892640746
826,476,0.18807833,0.154331692
826,22,0.150689236,0.1593659250904151
826,314,0.163096235,0.191835648
826,414,0.181291807,0.1518873092847374
826,492,0.186044366,0.1922236056595621
826,21,0.150291978,0.1580921632399442
826,72,0.160330803,0.1678609632444782
826,271,0.167182553,0.1749456612855259
830,307,0.16518569,0.164921060644988
830,47,0.161490631,0.1611482022588253
830,642,0.149892259,0.0488802529999999
830,125,0.155394226,0.1567404546473378
830,670,0.153733728,0.1553610190842666
830,313,0.164357647,0.164453101918279
830,170,0.146763051,0.2993
830,650,0.150516236,0.173066769
830,598,0.149765419,0.224882783
830,355,0.190632967,0.271932325
830,302,0.164631646,0.180127516
830,488,0.186142517,0.1836224060232513
830,382,0.166009445,0.028194312
830,17,0.149095466,0.1597449015383941
830,394,0.160149771,0.168576668745313
830,27,0.152939397,0.1547960755569725
830,426,0.182687379,0.130238584
830,624,0.147529491,0.1501192011633766
830,435,0.184082707,0.20299497
830,639,0.14923393,0.1514363003910114
830,415,0.177614467,0.1761052384457431
830,187,0.152490748,0.176317102
830,54,0.159694236,0.1423
830,318,0.164884473,0.165129755566413
830,525,0.173677732,0.1722112909767905
830,638,0.150260745,0.2802570581265294
830,461,0.189430932,0.1854354719635403
830,407,0.170765959,0.1705663762428252
830,48,0.159428649,0.222697078
830,493,0.186157713,0.1832525307340647
830,338,0.212953055,0.2058205727755711
830,634,0.14830299,0.1504995557587339
830,35,0.151023568,0.2366346780644162
830,346,0.22248553,0.197561007
830,567,0.160971255,0.1609873906643014
830,476,0.188170549,0.1560253000488197
830,22,0.151274532,0.1603227316136335
830,460,0.188638908,0.184821705249774
830,492,0.186148385,0.1883714196835733
830,309,0.162319342,0.1632972718371481
830,615,0.147667843,0.1503568558813025
834,469,0.189386682,0.1912450603299744
834,440,0.187478483,0.199029582
834,628,0.14831344,0.145572974
834,26,0.153128243,0.149321370874024
834,155,0.1493235,0.1449106836173972
834,174,0.145914084,-0.029155976
834,418,0.174308024,0.145110368
834,488,0.185965023,0.211057223
834,382,0.165965919,0.146137518
834,482,0.188952113,0.113077495
834,624,0.147530568,0.2241265619861195
834,435,0.184071002,0.302961413
834,304,0.163876363,0.1614085422310038
834,514,0.174876336,0.1739435980505067
834,633,0.148701908,0.1441312469024875
834,39,0.154527817,0.1513536613642102
834,424,0.176296306,0.1758149751172437
834,308,0.163513456,0.1616328412119526
834,318,0.165751387,0.1427
834,644,0.149424232,0.1443997805723714
834,627,0.147651527,0.1429441384589163
834,525,0.172689633,0.1427
834,461,0.189791711,0.1907308817774692
834,48,0.160023433,0.2285260638902891
834,135,0.152116013,0.1482422314735563
834,472,0.189663356,0.164878385
834,556,0.297211336,0.25797167
834,428,0.181644609,0.166544096
834,565,0.161018349,0.1580530887373586
834,346,0.222339072,0.1999678299113433
834,505,0.167136834,0.1648616565196222
834,567,0.161334947,0.199796885459266
834,59,0.159389291,0.155019650690765
834,561,0.157001867,0.1529287100975273
834,22,0.151302821,0.1576597308668956
834,459,0.188742242,0.1896156004524699
834,122,0.220410901,0.191455999
834,72,0.161270532,0.1581324700873665
834,271,0.166962936,0.1651545741442481
838,469,0.189763376,0.151889165
838,642,0.150629795,0.1455814712857686
838,628,0.148991227,0.523484699
838,334,0.209672016,0.172467644
838,626,0.14831948,0.144670194
838,20,0.150662316,0.1459543664583874
838,26,0.153251715,0.143
838,114,0.218072234,0.185237413
838,174,0.14648638,0.143
838,302,0.164332948,0.1616002713955535
838,430,0.186245428,0.107913994
838,49,0.161409927,0.1218447329999999
838,623,0.148025739,0.143
838,415,0.177982657,0.1765028853588685
838,417,0.179828728,0.1783181577340653
838,537,0.298720954,0.2994
838,54,0.159973852,0.1565473331501698
838,627,0.148518914,0.143
838,547,0.298214035,0.170245189
838,566,0.160610791,0.1561009976832128
838,634,0.148718923,0.1435074661021895
838,428,0.181621674,0.1638617666026742
838,455,0.189689735,0.1894406780343739
838,346,0.222955415,0.235839966975782
838,674,0.15679391,0.1520046237206685
838,309,0.163416727,0.154716969
838,88,0.15516726,0.1506195811290334
838,459,0.18836807,0.2994
838,331,0.205492006,0.2076883643828217
838,271,0.167119758,0.2842876816847326
842,469,0.189598825,0.1589748128652366
842,47,0.164871138,0.1694833709219557
842,20,0.151398507,0.255270782
842,18,0.15032348,0.2376966056515077
842,17,0.150293824,0.154976057
842,49,0.161625709,0.1436
842,479,0.189406832,0.183724667
842,482,0.189218197,0.214232422
842,406,0.168608683,0.1737469927250473
842,310,0.162095275,0.168107227960755
842,429,0.186452199,0.182310757
842,633,0.149179537,0.15654353384193
842,39,0.154286076,0.1611158592392997
842,471,0.189400365,0.1928425659567937
842,198,0.22280389,0.2246718413259371
842,669,0.154967879,0.1617786453135431
842,541,0.297976842,0.211697928
842,48,0.161312881,0.1669511512628299
842,135,0.153005938,0.1593852044112426
842,493,0.188236953,0.1911674134955755
842,217,0.232528586,0.2324700179664796
842,53,0.160625024,0.1669545589502856
842,455,0.18950508,0.1436
842,565,0.162765134,0.1677077501504986
842,346,0.223207583,0.2989
842,274,0.167584788,0.1729239366232792
842,674,0.15706772,0.1436
842,505,0.170003388,0.198646803
842,460,0.188608963,0.185328113
842,309,0.164489315,0.1615582638620177
842,662,0.152038742,0.1591691533721944
842,88,0.155732759,0.1436
842,331,0.205623468,0.2719060529544242
842,215,0.231656817,0.193574574
842,103,0.215287189,0.2169794299854106
846,307,0.16548974,0.1631160903496689
846,679,0.159459721,0.183733129
846,642,0.150747161,0.1478897595865071
846,628,0.149581497,0.1463249602808239
846,125,0.156484999,0.1535682357552193
846,409,0.183250211,0.168829693
846,670,0.15430791,-0.111405221
846,313,0.16476634,0.1624474004129223
846,26,0.153952335,0.0074045399999999
846,518,0.180609144,0.153568266
846,155,0.149031468,0.145916600977561
846,174,0.147120423,0.1444
846,58,0.162560225,0.1599830753767535
846,302,0.164750877,0.1625359367115542
846,488,0.188295703,0.14375965
846,433,0.184921708,0.1846507677719048
846,6,0.148073576,0.1444249864576574
846,382,0.166961183,0.1646158482586892
846,17,0.150980016,0.1523748996953129
846,49,0.160163827,-0.0241059569999999
846,479,0.188515746,0.1833871023442863
846,27,0.153504971,0.1502497653162063
846,406,0.169316066,0.2480897991756767
846,39,0.154236961,0.233158784
846,424,0.176487874,0.1756384027696046
846,417,0.181566174,0.1799325340718474
846,198,0.222709921,0.171233682
846,86,0.156638541,0.1536670437919848
846,243,0.276695677,0.2824752839929536
846,525,0.174853088,0.168869557
846,36,0.154415741,0.1516682209400292
846,638,0.150655875,0.147615440964326
846,241,0.275135662,0.150619518
846,407,0.17203416,0.1701754518738029
846,33,0.153892702,0.154168028
846,65,0.164195786,0.162716077238166
846,53,0.161020665,0.1584686520319081
846,35,0.153743575,0.1499097515824589
846,509,0.17236112,0.1705827928488997
846,428,0.18120021,0.158279835
846,455,0.189711972,0.208174529
846,346,0.223543204,0.2992
846,242,0.274149952,0.2806535369744742
846,388,0.16339368,0.1608623985120106
846,674,0.157464455,0.1444
846,59,0.160741471,0.1584021543396686
846,22,0.15208503,0.1491153078258302
846,459,0.189381813,0.1888771802510987
846,615,0.148606966,0.1449877788950242
850,421,0.176270473,0.249237253
850,47,0.164711033,0.164911705873765
850,642,0.151175692,0.1491033988959259
850,440,0.188544419,0.126933857
850,626,0.14952608,0.1499552773035362
850,26,0.154220623,0.1449
850,174,0.147472512,0.1449
850,58,0.162744616,0.2991
850,6,0.148309108,0.1492709165788779
850,406,0.170540905,0.375220718
850,426,0.185664154,0.1828859439137752
850,310,0.164557439,0.1630212070573157
850,624,0.148209526,0.1489555676377899
850,366,0.18801923,0.167546532
850,514,0.174445573,0.159751298
850,570,0.16003805,0.188078653
850,39,0.154938897,0.2268117445539695
850,308,0.164342902,0.1630881616693383
850,198,0.223148006,0.1703774501050213
850,126,0.155675508,0.150131669
850,54,0.162041999,0.1614197370176698
850,318,0.166976399,0.1658328423625337
850,473,0.191239944,0.1872948999664405
850,243,0.277095642,0.2664882854009164
850,638,0.150872193,0.1516242469314258
850,554,0.297308685,0.2991
850,63,0.166700344,0.1659774843373416
850,53,0.161365373,0.158744276535619
850,338,0.21348079,0.2084725055002035
850,677,0.158944559,0.1587085550467754
850,566,0.161172419,0.1610251459823028
850,35,0.154636967,0.1579706836416316
850,428,0.1818485,0.1585722016317184
850,346,0.224584649,0.2180487638645325
850,242,0.274416463,0.2700952077631466
850,274,0.167595172,0.1669023809797698
850,674,0.157676681,0.1578291201749001
850,505,0.171551563,0.1707095474959283
850,567,0.160977552,0.1610258440622115
850,314,0.164936841,0.1644406759997312
850,100,0.214067511,0.200940134
850,331,0.206647179,0.2022292597337083
850,72,0.162267244,0.1619523574066735
854,421,0.176506518,0.244804137
854,469,0.19265987,0.1923123561348162
854,642,0.151400279,0.1458
854,409,0.183493011,0.1828246545192472
854,626,0.150053826,0.0740006609999999
854,313,0.165845905,0.1630731609063737
854,26,0.154185156,0.067397696
854,523,0.17614487,0.16310286
854,302,0.165745535,0.1627641768218404
854,410,0.184960029,0.18060004
854,502,0.163904899,0.1613433467874041
854,17,0.151436746,0.1476435376649891
854,49,0.15985488,0.262524525
854,623,0.148251801,0.1458
854,482,0.190265867,0.1895424329911102
854,27,0.154274228,0.1502742408000059
854,426,0.186356221,0.173829714
854,639,0.151984655,0.1472731271467852
854,304,0.165840495,0.1634635365433241
854,633,0.15072346,0.1462881052622075
854,417,0.181923642,0.1810193079745371
854,198,0.224257948,0.226103112814191
854,616,0.149939964,0.1458
854,644,0.151249054,0.1473283070464462
854,669,0.155220145,0.1518889218247969
854,627,0.150127676,0.1461599520077795
854,525,0.176396342,0.1748096704210902
854,638,0.150921644,0.1480500741149718
854,461,0.191443373,0.1902982385066385
854,407,0.173346109,0.1710951729009355
854,135,0.15418438,0.1502075270747077
854,28,0.154691351,0.165366944
854,63,0.167374006,0.164502441877108
854,217,0.233455402,0.2366491337817184
854,338,0.214871181,0.233517932
854,634,0.150472616,0.1463062239212154
854,428,0.182290425,0.1556322955217413
854,455,0.189699767,0.1894310102770212
854,565,0.163267071,0.1612463138003329
854,388,0.164330578,0.1610492555137773
854,274,0.168603481,0.1654789571696862
854,674,0.157790852,0.2986
854,663,0.152888561,0.1491087471191611
854,22,0.15276601,0.1488818464638029
854,492,0.189537809,0.1877276620809727
854,662,0.152742886,0.1490739874054517
854,664,0.153317882,0.1498241214958842
854,88,0.156674402,0.1527777477404001
854,21,0.151734421,0.1480910476988772
858,307,0.166990663,0.1740467269602538
858,642,0.151834067,0.185776269
858,335,0.212764431,0.179904274
858,125,0.15650041,0.1638462795920353
858,409,0.183761046,0.1892930055856712
858,20,0.152057153,0.075503576
858,313,0.166630016,0.2379131633849596
858,306,0.167680606,0.1742600371032847
858,18,0.151903358,0.1593603443065997
858,181,0.14691516,0.169612503
858,6,0.148596008,0.171541319
858,49,0.160568744,0.26512337991065
858,623,0.148813002,0.1563986933611576
858,479,0.190584301,0.195959084307888
858,482,0.191391748,0.1956846302279807
858,426,0.186518923,0.188557378
858,310,0.165248652,0.1724574300995828
858,624,0.14918447,0.1569102666392617
858,254,0.28378668,0.289209745
858,514,0.175074699,0.1814901410865922
858,424,0.176791742,0.1835146041496241
858,417,0.18252343,0.2991
858,308,0.165880489,0.1724563397388526
858,97,0.213406182,0.240786282
858,113,0.216193865,0.148356782
858,473,0.19198239,0.197633882195314
858,627,0.150913939,0.154408405407682
858,36,0.154510432,0.1622797689871481
858,638,0.151457968,0.1462
858,461,0.191832193,0.1462
858,554,0.296988543,0.2974953470071524
858,48,0.164687643,0.1705805358488524
858,135,0.154735041,0.1582594672799562
858,493,0.189974861,0.1951368381433981
858,217,0.233574602,0.2405042608323899
858,338,0.215634225,0.2375250815468716
858,35,0.154767688,0.1627962993153433
858,388,0.164363205,0.2099293872994271
858,674,0.157893163,0.2991
858,460,0.190909066,0.196074265790995
858,414,0.182908546,0.1892205151320569
858,615,0.149581585,0.1573263163252249
858,21,0.15229083,0.1562457447688376
858,271,0.170930974,0.177147217
862,642,0.15254723,0.1709920220809605
862,440,0.189656478,0.210273847
862,628,0.150229549,-0.0391527409999999
862,170,0.146854537,-0.1792434639999999
862,6,0.148783218,0.1562508533960925
862,382,0.169860168,0.1534398761103884
862,49,0.16197242,0.2997
862,479,0.192015788,0.1815369553712379
862,27,0.154845227,0.18335909
862,406,0.171437558,0.2997
862,426,0.186843463,0.173872031979134
862,624,0.149602759,0.1462
862,254,0.28450734,0.270846681
862,415,0.179369707,0.1642106982214159
862,434,0.191814691,0.1764710007939608
862,39,0.155587579,0.1462
862,417,0.183547415,0.2883457349264295
862,471,0.19318058,0.210335376
862,54,0.161911161,0.1463671462306784
862,588,0.158587454,0.148778704
862,318,0.167068931,0.1516244774647178
862,473,0.192408062,0.1774188431473992
862,669,0.155367184,0.1462
862,461,0.192651377,0.1462
862,554,0.297187864,0.2866840177831838
862,407,0.174764808,0.1582675797295105
862,63,0.168471435,0.1523087496958513
862,65,0.167210997,0.1509707688009002
862,53,0.162993383,0.1466420070819406
862,338,0.216069614,0.2882775908258785
862,428,0.182310312,0.1677506104777933
862,663,0.153255658,0.1462
862,505,0.172983966,0.1569506663013032
862,563,0.16187724,0.1462
862,314,0.165000618,0.1492844435981325
862,460,0.191066833,0.1816562329009696
862,414,0.184112769,0.2997
862,492,0.191913115,0.1758061225619021
862,664,0.154589332,0.1462
862,88,0.158225587,0.146508348
862,72,0.163606252,0.16115878
862,271,0.171196393,0.1620561065264628
862,103,0.214503903,0.2012594425754619
866,670,0.155275496,0.20635458
866,523,0.178921303,0.1869575974262514
866,174,0.148786844,0.1583756660014045
866,58,0.163574986,0.1731940461905922
866,389,0.164905338,0.152719581
866,418,0.176313873,0.163980467
866,382,0.17009857,0.1469
866,17,0.151913225,0.1609021196279234
866,623,0.148714516,0.158353805250699
866,310,0.165419011,0.1748090747492065
866,304,0.166450527,0.1751766210532511
866,570,0.161978282,0.152699081
866,415,0.179868114,0.2996
866,434,0.192420226,0.1858813343549855
866,308,0.166633843,0.1755609700167045
866,471,0.195003337,0.21750591
866,198,0.225932295,0.23589913902161
866,318,0.167293342,0.150841631
866,669,0.1554756,0.1556217522084384
866,36,0.154781924,0.1643586202952259
866,638,0.152594816,0.1612939787573674
866,461,0.19329077,0.2963224249071147
866,554,0.297417799,0.2960527774434985
866,218,0.235609855,0.161005283
866,63,0.169023888,0.1617281975979541
866,65,0.167443853,0.195412766
866,217,0.236018775,0.2443911954896321
866,338,0.2153967,0.2254650104069692
866,35,0.154892985,0.1642513967567159
866,509,0.172118574,0.1808419891902459
866,428,0.182014887,0.1771642334927415
866,455,0.191348443,0.1998363745371017
866,346,0.225995194,0.2347547478649533
866,674,0.158290404,0.1674156037229214
866,476,0.192114808,0.1999905793469276
866,561,0.160027845,0.1694044942023418
866,22,0.153451907,0.1626636059197726
866,460,0.191347413,0.1910646105194871
866,662,0.153714711,0.1628535922272209
866,664,0.154383267,0.1556217522084384
866,459,0.190249482,0.1919263
866,215,0.233207393,0.218795781
866,615,0.150519865,0.159340721831397
866,103,0.214495879,0.2106604255874723
870,670,0.156094339,0.204519274165833
870,155,0.151329344,0.15217872
870,174,0.148917971,0.1604324800313218
870,488,0.191714616,0.1911957219622563
870,17,0.152315779,0.1627539840346427
870,482,0.192707447,0.1911368861697556
870,535,0.296344915,0.171020539
870,426,0.186783607,0.1862530816815254
870,304,0.166695221,0.1473
870,514,0.17652992,0.1769094129374357
870,415,0.179979895,0.1473
870,633,0.151830844,0.1543262317015658
870,471,0.194396457,0.2147659919229375
870,54,0.16319836,0.1643409647897073
870,461,0.194005877,0.169613716
870,48,0.165293921,0.1670143114022077
870,217,0.235588747,0.2994
870,53,0.162756768,0.1645671311197961
870,338,0.215663238,0.2220794384329655
870,35,0.155432573,0.1658315628910717
870,509,0.17227877,0.2628161462444368
870,274,0.170887587,0.1716316300891771
870,563,0.163306306,0.1642039618381178
870,476,0.193573928,0.1986715305784707
870,22,0.153620337,0.152033967
870,314,0.166031601,0.1671250592374592
870,460,0.19197242,0.1984063216995871
870,662,0.153883661,0.1473
870,664,0.154398292,0.1473
870,88,0.159285324,0.1609166251839175
870,459,0.190032164,0.1912614373983375
870,271,0.170675716,0.1718823286383536
870,103,0.214391353,0.1473
874,440,0.190798327,0.1904028841296653
874,628,0.151989397,0.1517962482622289
874,409,0.185105559,0.1862997437224884
874,670,0.156563305,0.163912845
874,626,0.151655646,0.1515007966156462
874,20,0.153636219,0.1531405599045099
874,306,0.168864639,0.1687974440716141
874,26,0.155809032,0.155639381779945
874,174,0.148889919,0.1605776266175229
874,58,0.163628146,0.1638233484881097
874,433,0.188559222,0.1881912684920588
874,6,0.14970593,0.159748763
874,17,0.152813179,0.1524605231926858
874,479,0.191811947,0.191511646094916
874,482,0.192775823,0.1475
874,366,0.190189982,0.188329476
874,435,0.187440384,0.1877885275267652
874,434,0.192983875,0.1928591668962863
874,471,0.195018571,0.2149138321469562
874,187,0.1551797,0.173862158
874,318,0.168408341,0.1680504980428585
874,473,0.190732458,0.205616919
874,243,0.277397626,0.2774635200331959
874,525,0.177913882,0.1786700104896365
874,36,0.154747273,0.1548617952322306
874,638,0.153946192,0.1532473011960531
874,461,0.194717942,0.1697593177550933
874,99,0.212916811,0.164746306
874,338,0.216693026,0.2222276412283588
874,566,0.163888012,0.1638638814974743
874,634,0.152731337,0.1526813501398583
874,35,0.156009081,0.1475
874,509,0.172003087,0.2629663686025806
874,428,0.181419086,0.1817383155963689
874,565,0.164141011,0.1645562208191823
874,388,0.166900229,0.1661886817460421
874,663,0.153319523,0.1534315333290913
874,567,0.163636192,0.1642496966236942
874,476,0.194409534,0.2466178179026842
874,561,0.160755625,0.173638459
874,22,0.154191901,0.1521786972215759
874,414,0.18638497,0.1855423611763577
874,492,0.19216309,0.1921460145428028
874,309,0.166082922,0.1661768721605992
874,373,0.189319,0.16787314
874,459,0.189952485,0.2481610784075637
874,331,0.207583916,0.2082634475409408
874,615,0.151565649,0.1516699510012271
874,21,0.153392188,0.153948166940446
874,72,0.164909389,0.164820885939568
878,469,0.195082121,0.2008194297837138
878,47,0.166564963,0.1710155637675903
878,679,0.162149743,0.183411681
878,628,0.152286833,0.1536255438407627
878,670,0.156787147,0.1665232920588614
878,20,0.153945354,0.303875537
878,306,0.169306654,0.1718797117991825
878,155,0.152478059,0.1535833105217027
878,174,0.149003891,0.1502727983218879
878,58,0.163812478,0.1664264825221604
878,422,0.176857155,0.153903431
878,256,0.283595042,0.156292222
878,488,0.19225567,0.1966697571216607
878,433,0.188779456,0.1931835974532692
878,430,0.191157573,0.1960143472397754
878,6,0.149803425,0.1620189505969355
878,382,0.169641942,0.1731771129136963
878,623,0.150752353,0.1514450355116235
878,482,0.192481581,0.213292881
878,624,0.151237044,0.1525064468818531
878,611,0.152164706,0.164902944
878,639,0.154296386,0.1555506997636508
878,434,0.192871212,0.212330331
878,589,0.160110397,0.176735932
878,633,0.152711252,0.1536887028970154
878,417,0.183435234,0.1877700567784328
878,308,0.167690577,0.1704813079005439
878,471,0.194829855,0.2998
878,318,0.16875606,0.177671641
878,473,0.19106618,0.2116351293496316
878,243,0.277392581,0.244774433
878,638,0.154834473,0.1476
878,461,0.194546455,0.1728474974027492
878,554,0.297738398,0.281260577
878,407,0.179787733,0.1821911643789638
878,48,0.165458146,0.168675157710558
878,493,0.192497668,0.1965388990598662
878,217,0.235605001,0.2440577813345106
878,53,0.163241351,0.1651208652697281
878,677,0.160317311,0.1621663112716333
878,634,0.153201492,0.245121744
878,35,0.156079407,0.1476
878,509,0.172317511,0.1476
878,565,0.163688285,0.1672192400200071
878,346,0.226232257,0.2345546798684681
878,242,0.276497838,0.2879993469079918
878,388,0.167546302,0.1476
878,274,0.17101104,0.1739707246066551
878,663,0.153418185,0.1551855213966503
878,567,0.16377079,0.1662240329236028
878,563,0.163325335,0.1660670839452361
878,476,0.194467144,0.2998
878,59,0.164024354,0.1645385759387353
878,22,0.154440338,0.1538303123435915
878,492,0.192043118,0.1970634774282249
878,662,0.154043315,0.1556864298606129
878,100,0.213371871,0.2196509988122645
878,331,0.208017394,0.2947744537466465
878,615,0.151998656,0.1476
878,72,0.16552943,0.164701528
878,271,0.171407177,0.1739167179237489
878,103,0.214521091,0.2212757803538332
882,262,0.177495737,0.218200454
882,670,0.156844753,0.1662966786312291
882,20,0.1542565,0.3001
882,523,0.178896328,0.1792407572182166
882,488,0.193397735,0.3001
882,382,0.170277935,0.3001
882,502,0.167131661,0.1663184730581247
882,17,0.153268673,0.1522626014055325
882,394,0.165489597,0.1481
882,406,0.173128938,0.1739847338094079
882,304,0.168564521,0.1681079121862463
882,514,0.178807686,0.1779332542479975
882,415,0.181157809,0.1809347276363763
882,424,0.177786125,0.1780601002004491
882,308,0.168022015,0.1704373655529358
882,471,0.194624652,0.2854381564229995
882,198,0.226029633,0.2284241836215392
882,537,0.296965774,0.3001
882,318,0.168964407,0.188836019
882,644,0.15537148,0.15434057244478
882,473,0.190337249,0.1481
882,669,0.157117433,0.1565883538605719
882,243,0.277730562,0.2481592807187107
882,525,0.1755229,0.1765842556513536
882,638,0.155394886,0.1481
882,554,0.297283383,0.2863293399926745
882,218,0.237823624,0.177144663
882,407,0.17983774,0.1826876574958415
882,48,0.16437816,0.1685478575849401
882,380,0.169457361,0.190640723
882,566,0.16492629,0.1635646897995628
882,634,0.154052089,0.2485226208802936
882,428,0.182221064,0.1821062381455889
882,242,0.277923328,0.2933791188572662
882,274,0.17114133,0.1481
882,674,0.158731568,0.1583708915227279
882,485,0.192196307,0.194444091
882,663,0.153947235,0.1481
882,567,0.164047968,0.2127271335285076
882,563,0.163855436,0.1658194155162685
882,59,0.165487309,0.1642203635252205
882,22,0.154796836,0.159508582
882,314,0.167158576,0.1670204422205248
882,414,0.187023592,0.1873245153374046
882,373,0.190471717,0.249294117
882,459,0.192442271,0.1917950908240455
886,307,0.167588781,0.1657478677142049
886,469,0.195269891,0.079243334
886,628,0.153074989,0.1528453187917781
886,335,0.213886736,0.222352619
886,125,0.157694921,0.1568597612836126
886,626,0.152844437,0.1527545111295171
886,20,0.15447263,0.3001
886,313,0.167274588,0.1652239916689516
886,523,0.178840622,0.148
886,170,0.149202647,0.26622615279343
886,174,0.149580314,0.1503688254088993
886,302,0.168274361,0.1661224476370377
886,488,0.193127752,0.2771018926792433
886,433,0.190744037,0.1839734171770095
886,430,0.191984267,0.221894114
886,382,0.170887379,0.2771018926792433
886,17,0.153118806,0.1526232879661523
886,656,0.153622957,0.167686299
886,482,0.192076546,0.1865337060734649
886,426,0.187422133,0.1823302294240084
886,624,0.152138245,0.1519579249765996
886,435,0.186763508,0.181448212599884
886,415,0.180870443,0.3001
886,434,0.192966477,0.1864823745854255
886,39,0.156865341,0.1869606556662929
886,424,0.177388836,0.2103187224354981
886,417,0.183881014,0.20683681
886,471,0.1937452,0.162775839
886,629,0.154135124,0.176850481
886,198,0.226028386,0.148
886,537,0.295977985,0.3001
886,54,0.164481399,0.1627664625781979
886,616,0.153114433,0.1528421427801501
886,644,0.155609157,0.1543729327654989
886,473,0.190146701,0.1491183912359359
886,36,0.155737463,0.1550736782672566
886,541,0.297381754,0.250553473
886,461,0.19373784,0.1880769243978945
886,407,0.178658366,0.1782410854006705
886,48,0.163212136,0.3001
886,63,0.171053635,0.168445699300866
886,493,0.193898761,0.1871324625710232
886,53,0.163799481,0.1621710808034935
886,338,0.218583601,0.2076342095529543
886,566,0.165330719,0.148
886,634,0.154635163,0.2336739086331318
886,509,0.172212116,0.1693977744620798
886,428,0.18307065,0.2386866957907311
886,455,0.194154715,0.1875426118032966
886,565,0.163702924,0.1621005088484048
886,242,0.279148797,0.296156571
886,388,0.168605283,0.1658129751105806
886,274,0.17089713,0.1491183912359359
886,674,0.158864228,0.188660777
886,505,0.174412191,0.1702793441859459
886,567,0.16430285,0.2035342256913476
886,476,0.193492066,0.196463616
886,22,0.155276211,0.1587243798600352
886,460,0.192941216,0.1865271199751209
886,309,0.167633978,0.1646917487022915
886,459,0.193075597,0.1859095143908352
886,215,0.234665308,0.201383277
886,615,0.152527847,0.152500975813158
886,21,0.153632171,0.153344249842204
886,72,0.165416208,0.1636392612222315
886,103,0.214652429,0.218992056
890,642,0.156504636,0.1518700966227228
890,409,0.185226487,0.1863271924571826
890,670,0.156534211,0.1524199741556697
890,20,0.15447884,0.2996
890,313,0.167322298,0.1484
890,155,0.152310386,0.1484
890,58,0.165065471,0.1620808050341839
890,6,0.151321464,0.1484
890,17,0.15380321,0.2996
890,394,0.164565572,0.1627116262927122
890,317,0.168724953,0.151431257
890,27,0.156381271,0.167669823
890,406,0.172778725,0.1716578106058607
890,426,0.187619452,0.203137628
890,624,0.152848197,0.16249256
890,435,0.186135069,0.1888189062192122
890,304,0.168626805,0.1669803279748894
890,514,0.18122262,0.1809650670199911
890,415,0.181263484,0.2996
890,39,0.157252781,0.1890557119798735
890,471,0.193759892,0.1600058935630187
890,126,0.159050533,0.150033185
890,537,0.296004391,0.2996
890,318,0.169780993,0.168114380944568
890,644,0.156396311,0.1499126642591007
890,86,0.162258405,0.1484
890,243,0.280863548,0.2996
890,36,0.1562614,0.1484
890,461,0.19379961,0.1903965285924152
890,407,0.178046887,0.179083339206584
890,135,0.156257106,0.1514340085175006
890,217,0.234492917,0.245848278451647
890,53,0.164169673,0.1592794826070447
890,338,0.218120045,0.2996
890,677,0.161867274,0.1584608903507785
890,35,0.15550428,0.1513011663003302
890,509,0.172134965,0.1679598931899688
890,428,0.184045336,0.2511869281793389
890,346,0.227974206,0.2370460122459401
890,242,0.278792482,0.2996
890,274,0.170600621,0.1484
890,674,0.159521882,0.1910978285984231
890,485,0.192819526,0.18108386
890,505,0.174081024,0.220705003367109
890,567,0.164253448,0.208963210407095
890,476,0.193476134,0.200470281539192
890,22,0.15501223,0.1551394455777703
890,460,0.192988569,0.1962393178811485
890,414,0.186850064,0.1888087912564129
890,309,0.167785033,0.162307206395885
890,664,0.156312126,0.151298096137058
890,100,0.214060276,0.2210626857964344
890,459,0.194864963,0.2996
890,331,0.210528642,0.2173424887220789
890,615,0.153301153,0.1484
890,21,0.155028262,0.1484
890,271,0.170839413,0.1694187174691938
890,103,0.21512004,0.2275305276533224
894,47,0.161432514,0.1709511385230689
894,642,0.157278443,0.1489
894,626,0.1534753,0.1644555668748692
894,313,0.168426783,0.1606541371647971
894,26,0.157740135,0.1683649873663503
894,523,0.179550574,0.1872229309566911
894,170,0.150952834,0.1619158243352144
894,18,0.155070942,0.1657528293646765
894,302,0.168480758,0.1782575285738962
894,6,0.151903033,0.15071135
894,382,0.171543661,0.1803280996604392
894,502,0.167023046,0.1770935126133653
894,17,0.1535815,0.1489
894,394,0.16462598,0.1746586516423764
894,678,0.163632655,0.189004458
894,570,0.165264319,0.191334905
894,434,0.192689367,0.1990769089305523
894,633,0.155454849,0.1663887972166376
894,471,0.19465916,0.1707085233893328
894,198,0.227281507,0.2283136446268635
894,537,0.295814573,0.2916413109567292
894,318,0.16981452,0.1777330461792579
894,644,0.157537607,0.1489
894,669,0.157904272,0.1684588485128086
894,627,0.154245596,0.1648306554042972
894,554,0.296062274,0.2890562314344946
894,48,0.161699949,0.1732144262216879
894,493,0.194441128,0.2003955140130417
894,338,0.217603823,0.149853614
894,677,0.161941664,0.1693700603981238
894,509,0.171737747,0.1489
894,565,0.164875182,0.1741534396574915
894,242,0.279127883,0.2736153984141051
894,663,0.15562219,0.1666897844306062
894,563,0.164442713,0.1749528192066619
894,476,0.193285239,0.2057635222003062
894,161,0.150930671,0.156374527
894,662,0.15507601,0.1658354734349029
894,459,0.194741176,0.1537924832216849
894,72,0.166453848,0.1756307609974947
894,271,0.171416597,0.1788630154585855
898,469,0.196662493,0.1870742696936101
898,642,0.157947099,0.1488
898,409,0.186338661,0.1753977040405673
898,670,0.158337623,0.1488
898,20,0.154325507,0.1488
898,26,0.157775269,0.341342765
898,174,0.150854844,0.1488
898,58,0.164580773,0.1536984232421991
898,488,0.193729688,0.183258560149369
898,430,0.191315609,0.1822739864014309
898,6,0.15246485,0.1488
898,502,0.16733788,0.1664210249716289
898,49,0.15980593,0.1494285490874997
898,623,0.153235744,0.1488
898,394,0.164578152,0.153173061440766
898,310,0.169637417,0.1576004114175223
898,514,0.180890982,0.171549351514568
898,415,0.181682726,0.1707791142200951
898,424,0.177403587,0.1661350581984244
898,417,0.185355522,0.1753882596778763
898,308,0.169640739,0.1577876357069392
898,198,0.227579957,0.3001
898,537,0.296150294,0.2925736749884774
898,54,0.163418625,0.152527441279388
898,616,0.154501532,0.1488
898,387,0.169129997,0.150275732
898,644,0.15850517,0.1488
898,627,0.155211172,0.1488
898,243,0.280213138,0.3001
898,525,0.177156177,0.1671981568066799
898,461,0.196002716,0.1853113117195212
898,554,0.296309586,0.3001
898,135,0.156220554,0.1488
898,63,0.173555987,0.1615235357110144
898,65,0.171169875,0.1593298848329794
898,217,0.236523036,0.2280738515941446
898,338,0.216742426,0.1488
898,677,0.162088632,0.1582141073358015
898,566,0.165516977,0.1540365905069331
898,509,0.171342685,0.1607300041637386
898,455,0.195082425,0.184758279890582
898,565,0.16503449,0.3001
898,346,0.229103745,0.227053957
898,388,0.168315579,0.1578972882856038
898,274,0.172493014,0.1600015120574607
898,674,0.16040016,0.1488
898,505,0.173057191,0.1626384561154082
898,59,0.163408693,0.1529779186780397
898,22,0.155237223,0.1488
898,314,0.169371145,0.1580713831257173
898,414,0.186248658,0.1764339699478021
898,662,0.155855541,0.3001
898,664,0.15746086,0.1488
898,100,0.214483783,0.2061302903570916
898,88,0.162309423,0.1499789658650682
898,459,0.194878108,0.1488
898,21,0.156219022,0.1488
898,271,0.17236992,0.1603887511171353
898,103,0.215220858,0.2073111863504954
902,307,0.169438825,0.174911910064147
902,469,0.197463002,0.1929616665330509
902,47,0.162952791,0.1691192413422122
902,642,0.159327752,0.2999
902,440,0.1928922,0.1971853176005105
902,628,0.157120097,0.1627797171826911
902,125,0.159308567,0.166317452242313
902,670,0.158626388,0.1561251784978686
902,20,0.15472724,0.1701465480678391
902,313,0.170251799,0.1759109837657304
902,306,0.171610707,0.1779252529137668
902,26,0.157434327,0.214025419
902,18,0.156398583,0.1629574962089496
902,418,0.177850259,0.277971777
902,430,0.190971015,0.17692457
902,502,0.167113162,0.1739666788134618
902,49,0.159157824,0.1567301159957374
902,394,0.165033173,0.1603339648895992
902,482,0.194398774,0.1996797521934604
902,406,0.173306061,0.1797221061218849
902,426,0.188873983,0.1940937201419948
902,624,0.155802549,0.1619141764935821
902,639,0.158534057,0.1644608096988391
902,514,0.179545772,0.178019945441376
902,415,0.182052534,0.1877726574062748
902,434,0.192579491,0.1980256867705864
902,633,0.157106525,0.1630750566539438
902,39,0.158531123,0.1650741607172741
902,417,0.185010206,0.181714644145176
902,308,0.170595572,0.1488
902,471,0.193950917,0.1996655601303089
902,537,0.296519261,0.1488
902,54,0.162673257,0.1597125975966305
902,616,0.155335828,0.1488
902,318,0.170768568,0.1764503120009628
902,644,0.159819934,0.165465771576359
902,473,0.196714023,0.2005266543707702
902,669,0.158599947,0.1652821274725985
902,627,0.156243329,0.1488
902,243,0.278375391,0.2826017520381061
902,525,0.177912219,0.1834161492504313
902,36,0.157558919,0.1646108840777439
902,541,0.298829364,0.165620426
902,638,0.159748055,0.1662874242774192
902,48,0.160692621,0.1680938469744776
902,135,0.155821328,0.1561251784978686
902,493,0.193774484,0.2000559477347983
902,217,0.239144609,0.2324210898013846
902,53,0.163759606,0.1710242452705563
902,677,0.162160953,0.1651856427474339
902,202,0.221974719,0.239324321
902,634,0.157631203,0.1643498948659472
902,509,0.171722376,0.1676070293380062
902,346,0.229519381,0.2314395077799612
902,242,0.279055158,0.2813706468621532
902,274,0.173402796,0.1632469802270479
902,663,0.156416897,0.166369442
902,505,0.173107037,0.1694437898574404
902,563,0.164039739,0.1707415290937763
902,59,0.162141268,0.1601461527092006
902,22,0.155180211,0.1561251784978686
902,314,0.16944416,0.1650482800048085
902,460,0.195687433,0.2002946921917043
902,662,0.156567553,0.2999
902,664,0.158400914,0.1561251784978686
902,459,0.195144825,0.1561251784978686
902,21,0.156313882,0.1561251784978686
902,271,0.173483717,0.1488
906,469,0.197055831,0.1925015408394714
906,47,0.162207184,0.177890464
906,642,0.160840429,0.3005
906,125,0.159443457,0.1645714327178955
906,626,0.155706377,0.2320945328248244
906,26,0.157689685,0.2145818648238235
906,523,0.180351715,0.1790538066429481
906,246,0.280688496,0.149918912
906,155,0.152344137,0.1498862227997118
906,302,0.169153894,0.1672702953024019
906,430,0.191220125,0.1756904675146344
906,6,0.15313596,0.190490304
906,382,0.171560504,0.189994264
906,27,0.157663106,0.2354751389190901
906,406,0.173371815,0.1718973232880461
906,515,0.178709016,0.200233077
906,304,0.170121821,0.167940568479144
906,415,0.181978733,0.1870621015535818
906,39,0.158310189,0.177491063
906,308,0.17088715,0.1496
906,616,0.155739186,0.1496
906,619,0.155061123,0.17435259
906,644,0.160680186,0.1636786485349736
906,473,0.198392554,0.179510835
906,638,0.160236705,0.2199853014303383
906,217,0.23973727,0.207020465
906,53,0.163273554,0.1695053833591202
906,677,0.162529987,0.1496
906,35,0.15445684,0.1524891036564705
906,428,0.184136466,0.1836069887881684
906,455,0.193932536,0.194542180758432
906,346,0.22988994,0.2328363863178995
906,674,0.161683691,0.1588457644182153
906,567,0.163214836,0.1607789182425532
906,563,0.163594107,0.1621837932689115
906,511,0.173239591,0.198320278
906,414,0.18631407,0.18518486472473
906,331,0.20945247,0.211023479842739
906,615,0.155110076,0.1518917507051124
910,307,0.170767324,0.163163111466735
910,469,0.198238096,0.1852984498690611
910,642,0.162733515,0.186965141
910,628,0.15896761,0.1507185092826413
910,313,0.172010868,0.199555814
910,306,0.171030282,0.1641010200156848
910,174,0.152480492,0.1499
910,58,0.164642354,0.1574773237855459
910,18,0.156124876,0.1499
910,49,0.159248869,0.151213486813495
910,4,0.153193414,0.154115401
910,27,0.157665964,0.1499
910,427,0.18147295,0.190565633
910,426,0.188371481,0.190127729
910,116,0.218263251,0.166363153
910,514,0.179903308,0.1718951581026416
910,434,0.193913757,0.1859199652757733
910,54,0.162635627,0.1553555003640697
910,616,0.155516595,0.1499
910,619,0.155970063,0.182587014
910,510,0.170892548,0.187426832
910,644,0.161459015,0.1564669641771215
910,627,0.157754713,0.1500505381900777
910,638,0.160970283,0.1499
910,554,0.297541858,0.2895400918407887
910,407,0.177389381,0.155497372
910,48,0.160039016,0.1524353429946432
910,53,0.163319091,0.1622954362103357
910,677,0.16313081,0.1499
910,674,0.162126543,0.1499
910,485,0.193934995,0.162796935
910,563,0.163223651,0.1499
910,314,0.169251162,0.1620474229294538
910,460,0.19631822,0.1888416631043423
910,161,0.152736389,0.215004557
914,421,0.179313701,0.208922159
914,47,0.15943986,0.1676257822595405
914,642,0.163726119,0.1927928426108233
914,335,0.215566749,0.159529535
914,125,0.1593716,0.1659177721127595
914,409,0.18820719,0.1936269331257522
914,20,0.156277644,0.1625843322533802
914,58,0.165103421,0.1642882745054563
914,302,0.170472237,0.1760748552207507
914,433,0.190557878,0.1969753290829165
914,430,0.192437837,0.1975774715169626
914,502,0.168655197,0.1744986524522905
914,623,0.154901374,0.2997
914,394,0.166293007,0.1721851426760389
914,27,0.15715726,0.153538424
914,426,0.188407858,0.1958499764902015
914,304,0.170342902,0.1769510107273558
914,308,0.171329091,0.1776188277531492
914,638,0.162597745,0.156963610888251
914,241,0.280180717,0.26942395
914,99,0.21419597,0.193782075
914,407,0.176843047,0.1623743427245453
914,33,0.15888562,0.177282833
914,419,0.185447263,0.202845134
914,63,0.177926632,0.1829392691089879
914,65,0.175326791,0.1499
914,217,0.240357474,0.1499
914,338,0.217918748,0.2997
914,428,0.183658389,0.1899106908222447
914,565,0.165203314,0.193892014
914,346,0.230587842,0.2345505643899213
914,242,0.277787977,0.2810825737919306
914,485,0.194555625,0.169288389
914,22,0.156524579,0.1629079579657218
914,414,0.186784138,0.163550019
914,309,0.168603447,0.1757583402281161
914,664,0.158844014,0.1653845416005719
914,331,0.209343556,0.2141330133746751
918,307,0.171186603,0.170023422012098
918,469,0.197039586,0.1964794445772616
918,47,0.158950071,0.1496
918,642,0.164345101,0.1915768573192928
918,670,0.159762709,0.1583224424340204
918,313,0.170983653,0.1708053777302719
918,306,0.1713769,0.1702316335781703
918,170,0.152464967,0.1510019116410685
918,58,0.165641581,0.260653180196711
918,382,0.173544903,0.1717953959895504
918,502,0.169417154,0.1735219493796555
918,17,0.156812294,0.15523100533955
918,49,0.159194571,0.1590019992478454
918,317,0.172377644,0.173314019
918,482,0.194718422,0.1933623396592022
918,406,0.173506748,0.1724794314477712
918,426,0.18835397,0.1496
918,310,0.170477819,0.169428987075563
918,624,0.157795974,0.1496
918,366,0.194384558,0.221658522
918,435,0.188915624,0.1872527186438262
918,639,0.162947691,0.1609239594534631
918,304,0.170046833,0.175942231584422
918,434,0.194349315,0.1933904955089089
918,39,0.158313983,0.1576001203890449
918,471,0.196241675,0.1944743323873055
918,54,0.16418586,0.1627789324426048
918,616,0.15614357,0.1553438813899779
918,619,0.156867413,0.15322145
918,318,0.172677143,0.1714467634270192
918,644,0.162832873,0.161290211504403
918,86,0.166038308,0.1646331376077404
918,243,0.279385127,0.2766122797866959
918,525,0.178433864,0.1778356345328423
918,36,0.158419173,0.1576589270230183
918,638,0.163852416,0.1562162606110941
918,99,0.214571646,0.211935754
918,407,0.175687285,0.164123848
918,48,0.160818925,0.1596919572148849
918,135,0.155726802,0.154821034692434
918,65,0.176471431,0.1496
918,217,0.239590992,0.2385193583795988
918,677,0.165448603,0.1639314718049873
918,634,0.16008795,0.1585103796960328
918,428,0.183724754,0.1887324031641808
918,242,0.277962801,0.2754602822435671
918,505,0.175776001,0.173287488247553
918,476,0.192388385,0.1912642822746079
918,22,0.158405887,0.1496
918,492,0.195417685,0.1934642549725961
918,309,0.168531106,0.1747651608379452
918,664,0.159026162,0.1906644084202092
918,88,0.16577922,0.1641160397210395
918,215,0.23795681,0.219914006
918,271,0.171848144,0.1719728945953761
922,642,0.164741642,0.1932284675135607
922,440,0.193777916,0.1954127455805867
922,143,0.153979651,0.175856947
922,20,0.157132647,0.1631697184612263
922,313,0.170430883,0.1488
922,306,0.172562141,0.1747299916808015
922,170,0.153545515,0.1593328116694342
922,382,0.174644449,0.1760851998306866
922,17,0.157186563,0.1617299518445487
922,394,0.167730021,0.1721391562177714
922,27,0.156866981,0.1965962456393292
922,384,0.172183514,0.162314832
922,304,0.170233624,0.1745698373966102
922,360,0.196599498,0.170437329
922,633,0.161586892,0.1664981482578104
922,39,0.158263282,0.2994
922,417,0.187758216,0.189983239410522
922,308,0.171477091,0.1758351580125651
922,318,0.173407411,0.1940504851276548
922,473,0.196664482,0.1972717704833856
922,627,0.159531156,0.1653692694787721
922,243,0.281359463,0.190328683
922,638,0.165355768,0.1717921927529104
922,407,0.174054374,0.1694367829855097
922,33,0.159319659,0.178130888
922,63,0.179424071,0.1823957684752778
922,493,0.19275764,0.1942057918322725
922,566,0.165076423,0.1701502585563899
922,428,0.183739097,0.1907633696029513
922,242,0.278194639,0.230153322
922,674,0.162330066,0.1677580272849977
922,663,0.157640403,0.1640389487859984
922,561,0.16170785,0.1679457668639652
922,460,0.196004264,0.206130621
922,664,0.159309829,0.1924377091634475
922,88,0.166480616,0.170871383030354
922,467,0.207178389,0.208216285
922,21,0.156143209,0.1626814990129916
922,72,0.171856901,0.1762836648690349
922,271,0.171632514,0.1761309129985767
926,47,0.157117389,0.1499089695371043
926,642,0.165179926,0.1471
926,440,0.193306738,0.2984
926,409,0.187583283,0.172132881
926,626,0.158710198,0.1500945667599268
926,20,0.157284572,0.1486381597166011
926,306,0.172554086,0.1663313067642569
926,26,0.158072358,0.1502903937780241
926,523,0.188532789,0.182497416344851
926,170,0.154578513,0.151161109401494
926,174,0.153696072,0.1471
926,18,0.155990223,0.1471
926,488,0.195542658,0.1921772508994533
926,433,0.189737287,0.1862346423052165
926,430,0.192977751,0.1893270356833372
926,6,0.15464438,0.1471
926,382,0.174160175,0.2984
926,623,0.15757952,0.1483046920128614
926,479,0.193923453,0.1903262026417367
926,27,0.156748172,0.1938914424072274
926,426,0.188973379,0.185327093994173
926,552,0.295219729,0.17885166
926,435,0.188206052,0.1846707106073322
926,639,0.164733467,0.1566961869991336
926,208,0.228134498,0.181119757
926,514,0.182093317,0.1777168338295492
926,633,0.162313133,0.1593776687976796
926,39,0.15854771,0.2984
926,424,0.180356029,0.1751792448723665
926,308,0.171997879,0.170084506402093
926,471,0.196331868,0.1937531209897381
926,240,0.276521799,0.161288691
926,198,0.228071987,0.2294215342849665
926,537,0.296574251,0.2984
926,54,0.163188151,0.1567563548455704
926,616,0.156865353,0.1479786687470684
926,318,0.172919858,0.1909721946936491
926,644,0.164504163,0.1561781781920027
926,473,0.19635916,0.1471
926,669,0.161897341,0.1534117839987758
926,627,0.159768983,0.1504982211108337
926,461,0.197527912,0.1944374944082862
926,407,0.172923531,0.1680424644923305
926,48,0.159083815,0.1520624830610484
926,63,0.180069473,0.1471
926,217,0.240128657,0.2434970376770019
926,677,0.165938774,0.1587197439376634
926,566,0.165078544,0.1577473629660168
926,35,0.156834046,0.1476152054167402
926,509,0.164912435,0.1593114093348491
926,428,0.184632738,0.2984
926,455,0.196981016,0.1935641501476242
926,565,0.167077988,0.1602911051662713
926,242,0.27830911,0.2323716600046913
926,274,0.169468342,0.1627683313364054
926,674,0.16275121,0.160822384022319
926,663,0.157675362,0.1565576814491452
926,563,0.160971453,0.1547831338663924
926,476,0.193818823,0.1887755681869871
926,59,0.161271259,0.155262334584578
926,561,0.160130985,0.1610376667773683
926,22,0.15809344,0.161662679
926,460,0.196701406,0.2048246010230508
926,414,0.186178296,0.1820267379715239
926,309,0.168734438,0.1619790110662107
926,100,0.21416839,0.2138471600508364
926,88,0.166924711,0.1643924985713932
926,331,0.211064125,0.2097758735379298
926,615,0.158401822,0.1494102151288589
926,21,0.15579384,0.1550010809252644
930,307,0.170976864,0.1657072941043205
930,47,0.155979784,0.1470509443838386
930,642,0.165753361,0.1454
930,628,0.163013841,0.178954781
930,409,0.186693172,0.1667508798266695
930,306,0.172624126,0.1616081920463594
930,155,0.15266692,0.1495749248674492
930,58,0.165774427,0.1610048022094985
930,18,0.156747167,0.1454
930,430,0.192367025,0.1852283919423832
930,382,0.173629523,0.2786778057868103
930,17,0.157295702,0.1538667019651222
930,623,0.158368038,0.145628865119676
930,479,0.194239659,0.2986
930,27,0.156701477,0.1860383151535651
930,426,0.189326629,0.1816787976227341
930,624,0.159885328,0.1547492952095644
930,366,0.194928838,0.165328382
930,552,0.294953836,0.183305045
930,639,0.165802764,0.1530673356055939
930,514,0.182067354,0.1755801062439027
930,633,0.162757791,0.1580463634327916
930,39,0.15971962,0.1547085806064517
930,417,0.185545492,0.179424221267591
930,471,0.196555696,0.1859157029392638
930,324,0.207932237,0.178422736
930,126,0.158492924,0.179207998
930,537,0.296689339,0.241034938
930,54,0.162257474,0.146090677
930,616,0.157353765,0.1532172893750621
930,473,0.196129791,0.1454
930,669,0.161688476,0.1576777930498812
930,243,0.280445288,0.1454
930,36,0.158584654,0.1551223092646223
930,638,0.167204154,0.1613154736628947
930,554,0.295864167,0.2766429656066039
930,48,0.156319263,0.1489598827571665
930,135,0.1557904,0.152304529154653
930,493,0.193544578,0.1859234246375835
930,53,0.16194347,0.1583434485779883
930,677,0.165626525,0.1548610766003097
930,634,0.161038411,0.1564678262434048
930,509,0.166818556,0.1553855463880775
930,242,0.278177782,0.2608686439455289
930,388,0.167196694,0.1626416647010911
930,274,0.168382433,0.1643889532876558
930,674,0.162747547,0.1454
930,663,0.157197653,0.1454
930,567,0.162331174,0.151692643
930,59,0.161035743,0.159025599
930,561,0.160228503,0.1569157522760965
930,22,0.158742446,0.1574697816807483
930,460,0.197555296,0.1957297917992287
930,492,0.195952693,0.1873946887624846
930,344,0.223955128,0.187858887
930,662,0.159889746,0.1557337853222878
930,100,0.214227351,0.214814297
930,459,0.196179005,0.1880053165069154
930,331,0.211622537,0.200118746869799
930,122,0.220239602,0.195050213
930,615,0.1584617,0.204100944
930,21,0.156363292,0.1515647432163231
934,47,0.155992246,0.183696831
934,642,0.167037567,0.1569627722403688
934,440,0.19483188,0.2136106071552183
934,125,0.15743332,0.1721288795793346
934,409,0.186465981,0.2319406198865247
934,626,0.159875696,0.1723743041512353
934,143,0.153423307,0.192974409
934,523,0.191990723,0.211856054
934,170,0.154726078,0.1683820941760055
934,155,0.152719881,0.1654234274206438
934,58,0.16518276,0.1806841014063269
934,18,0.156866545,0.1427
934,302,0.170812821,0.164417826
934,6,0.155896597,0.1683630094661539
934,502,0.172109133,0.1871976423239437
934,394,0.167425861,0.1839075149544713
934,479,0.194673153,0.1427
934,27,0.156817036,0.1427
934,406,0.174445675,0.1907558765687167
934,39,0.160646447,0.173628612
934,417,0.185837801,0.1965761440571035
934,240,0.276200079,0.213629849
934,198,0.229052457,0.247588718
934,537,0.295343009,0.2683076382365507
934,54,0.16100919,0.1577669065831092
934,616,0.157299006,0.189384935
934,318,0.17263501,0.1890706706091745
934,644,0.166935318,0.1806302900224425
934,243,0.281325242,0.2515177634531031
934,36,0.158623661,0.1723132661449712
934,638,0.168219433,0.1754926768894499
934,241,0.277600473,0.272171107
934,461,0.199965985,0.2193890060273366
934,48,0.152463598,0.1696757399165968
934,493,0.194642608,0.2130160483543004
934,53,0.160668362,0.1720324379669737
934,677,0.164794965,0.1805119035807731
934,428,0.185175122,0.2030945594606434
934,455,0.197684776,0.2171889308746428
934,346,0.232400905,0.2575192399034123
934,388,0.166908057,0.1770367210068132
934,274,0.167455875,0.1790710362643575
934,505,0.17277723,0.1906462826922498
934,563,0.16194075,0.175657812647141
934,476,0.194087496,0.2147674756490635
934,59,0.159616666,0.1728266450728342
934,561,0.160382121,0.1742271498202338
934,22,0.158525945,0.1710152540210973
934,414,0.186750966,0.204804851940633
934,492,0.197023495,0.2158197438194284
934,662,0.160251645,0.1738327452902673
934,664,0.160077836,0.1732835045253588
934,100,0.214465678,0.209828945
934,88,0.166885403,0.1818627848226032
934,459,0.197542638,0.291707788
934,615,0.158027859,0.2253065060286354
934,21,0.156864598,0.169727001549714
934,72,0.172530511,0.1878519293276495
934,271,0.170493605,0.189215165
938,307,0.171262566,0.167792575
938,642,0.1677652,0.1643692957564995
938,440,0.194007303,0.193624541
938,125,0.157545522,0.1547649097032963
938,670,0.159516386,0.171409985
938,313,0.170357063,0.1669223777202599
938,170,0.15440856,0.1657138423989776
938,650,0.158807878,0.150291671
938,433,0.188557263,0.1861755434694017
938,6,0.156416326,0.1532281644541543
938,17,0.157197577,0.1547059448495976
938,482,0.194020022,0.19146185800516
938,27,0.156998604,0.1428
938,435,0.184651518,0.1831560647531053
938,512,0.178347181,0.154796356
938,639,0.166872739,0.187027675
938,514,0.181275595,0.1793642038541871
938,434,0.190590359,0.1878518117385711
938,39,0.161408964,0.1709604361836496
938,124,0.157805163,0.175045465
938,198,0.229897647,0.2449216130005131
938,616,0.156917151,0.1867169873084765
938,318,0.172345041,0.1864027183676357
938,669,0.161329373,0.1592562257289915
938,86,0.168784566,0.1655508128626151
938,243,0.279189357,0.2993
938,36,0.158462523,0.1696450712846443
938,461,0.200196964,0.164072569
938,554,0.29641646,0.1428
938,162,0.153015215,0.145957991
938,634,0.162546403,0.159143763100747
938,35,0.156685256,0.1545253092343382
938,509,0.17028836,0.1654961160707098
938,346,0.232512121,0.2548522786810357
938,274,0.167353553,0.1764029392450776
938,563,0.162253527,0.1428
938,476,0.193659614,0.2120998954536678
938,59,0.159125348,0.1428
938,22,0.158396499,0.181423159
938,414,0.186885963,0.2993
938,309,0.171124291,0.1682072633229544
938,662,0.160513445,0.1711645724294206
938,664,0.159980677,0.1428
938,88,0.167420433,0.1642171295534229
938,459,0.19782013,0.2890413217697999
938,72,0.173212506,0.16986231928501
942,409,0.18412494,0.1835223682276283
942,626,0.161579475,0.1585270813742799
942,313,0.171678223,0.142
942,306,0.16983964,0.1692835309132733
942,170,0.153925353,0.1634156153172488
942,174,0.153426883,0.1503129980082889
942,302,0.171487113,0.1690162010215306
942,502,0.172150504,0.1708727770629448
942,623,0.160610865,0.1579508386452651
942,394,0.166778424,0.1642578110911509
942,479,0.197101398,0.1939566672493569
942,482,0.194806195,0.163543947
942,27,0.157127111,0.2988
942,651,0.160085894,0.152020547
942,426,0.188789421,0.1872709395306168
942,639,0.168140664,0.16998221
942,570,0.15883965,0.178720243
942,39,0.161079828,0.16850121
942,424,0.180222209,0.190208022
942,471,0.194820283,0.1938532442163426
942,324,0.20925967,0.216175739
942,644,0.169806888,0.1663413086983477
942,86,0.169203756,0.1632510984067663
942,243,0.279853133,0.2982205250415801
942,36,0.158761351,0.1673827101461962
942,461,0.199684416,0.1617593680207067
942,407,0.156652361,0.1579027034618799
942,135,0.155605183,0.1533841781132597
942,338,0.219660937,0.2185733088242951
942,677,0.164912858,0.1625661046121328
942,35,0.155694,0.159241132
942,509,0.172554978,0.1631959025973545
942,428,0.185830589,0.1835083716868829
942,455,0.197861449,0.1963765672227692
942,242,0.278874247,0.2773072218249751
942,274,0.166434402,0.142
942,663,0.157492993,0.154556817782664
942,567,0.159109035,0.1575250440969743
942,563,0.16115196,0.142
942,72,0.173555177,0.1709826917864144
942,103,0.214639785,0.2130406871744395
946,469,0.194667017,0.1947129834013436
946,670,0.15857446,0.1587127830465925
946,20,0.158184471,0.1584822049754817
946,306,0.168533801,0.1688952562986746
946,174,0.153221537,0.1499975780759707
946,302,0.171357084,0.1686289530641389
946,488,0.194335292,0.194406579654794
946,502,0.171705033,0.257777873
946,656,0.159811511,0.153420167
946,394,0.167085554,0.1638888373165817
946,482,0.19588363,0.1631777147584078
946,27,0.156737919,0.2979143286463291
946,584,0.154280877,0.173260579
946,624,0.161822263,0.1608430563770343
946,514,0.178781663,0.1793340156851151
946,415,0.18295397,0.172524966
946,39,0.159964551,0.168115939820852
946,308,0.173879479,0.173421096282508
946,537,0.294041218,0.2901291721272456
946,224,0.246045448,0.142357346
946,113,0.217104875,0.144926874
946,318,0.17372712,0.1725742839293189
946,644,0.171104622,0.165964333432362
946,473,0.19275036,0.1934744721331325
946,243,0.281161169,0.2973370791111062
946,525,0.186393065,0.1850945525557075
946,638,0.171334063,0.2906328164681693
946,554,0.295705159,0.280266767
946,398,0.166217056,0.148967124
946,407,0.152978719,0.2986
946,65,0.183841853,0.1823700959318039
946,493,0.192049122,0.193308719147142
946,462,0.205343136,0.154224523
946,162,0.154335552,0.182926319
946,566,0.160918483,0.1624086207838728
946,346,0.233988723,0.2325982802966791
946,242,0.278131152,0.2765040916172546
946,674,0.163889655,0.1631564318088328
946,663,0.158035521,0.1405
946,59,0.156801396,0.1584620945057405
946,88,0.16824998,0.176144549
946,467,0.205320211,0.164042739
946,615,0.156201325,0.1568752033183052
946,21,0.159460316,0.1582067419457025
946,271,0.168118114,0.1814872
946,103,0.214530936,0.17382301
950,307,0.171264773,0.1662587144096016
950,469,0.19316852,0.1381
950,47,0.147679193,0.1470301360146923
950,642,0.172640462,0.1653033190919983
950,440,0.193118731,0.1879921993870414
950,628,0.166229243,0.160848309673775
950,555,0.298599326,0.225464837
950,409,0.182192434,0.175438467
950,313,0.173060689,0.167558840153658
950,306,0.168042986,0.2999
950,523,0.186418481,0.1834939375889978
950,170,0.152440465,0.1486752037768352
950,174,0.154153831,0.1381
950,58,0.164550988,0.160336951789197
950,18,0.155742626,0.1515013360053266
950,302,0.17094331,0.1637572419632247
950,433,0.186965134,0.182147129202561
950,430,0.191229668,0.1863193082782322
950,6,0.155265313,0.1511825655848047
950,382,0.172579158,0.1679292732448669
950,502,0.171901081,0.2487264562786892
950,623,0.160992299,0.186875355
950,394,0.16855657,0.188753533
950,479,0.19811956,0.1908957293569014
950,482,0.196559191,0.1585615824283971
950,27,0.157171321,0.1524237134969771
950,426,0.186554721,0.1819813500172004
950,429,0.189131248,0.202428376
950,208,0.228919801,0.292092425
950,633,0.16641551,0.160861852491423
950,39,0.159618346,0.1632682811070878
950,417,0.183901112,0.1788899438330298
950,308,0.173043963,0.2999
950,471,0.18871124,0.18589235639304
950,537,0.294952045,0.2832896112256867
950,54,0.157995516,0.1547081501756263
950,616,0.156217109,0.1524904820946754
950,588,0.149493259,0.180841521
950,318,0.173839809,0.167517597826987
950,411,0.18699184,0.20423457
950,644,0.172093747,0.1381
950,473,0.191062415,0.1874378904340208
950,669,0.159898359,0.1555107696621635
950,627,0.16384794,0.1580177835829881
950,86,0.16900966,0.1639535712974663
950,243,0.28239868,0.211568093
950,525,0.187449664,0.1794508594858853
950,36,0.157422576,0.1537646192393365
950,407,0.148922557,0.2876346568533193
950,48,0.15009791,0.1472899533843321
950,65,0.184712726,0.2758044971506815
950,493,0.190819087,0.2999
950,217,0.2384069,0.2309560883120448
950,53,0.157491117,0.1536440491798467
950,338,0.221244191,0.2127184802694851
950,677,0.165223663,0.1604311920339548
950,162,0.153718276,0.210166853
950,566,0.16070952,0.1578285470669141
950,634,0.16579203,0.1601460036837413
950,35,0.153768869,0.1506536179543126
950,509,0.173518019,0.1680904822415709
950,455,0.197013177,0.1911987991063615
950,388,0.16770461,0.1628566907546003
950,663,0.158463998,0.1381
950,505,0.174469648,0.1680202500222712
950,567,0.157602216,0.1533726953006136
950,563,0.156805898,0.1542338989823476
950,476,0.192324493,0.1867037493074363
950,59,0.155414845,0.1540670518365794
950,314,0.173097349,0.1692067834651601
950,460,0.198990938,0.1934366617977935
950,414,0.186407099,0.1808692072363868
950,492,0.196818083,0.1907339036944913
950,309,0.169811684,0.1655699769713334
950,662,0.159282522,0.1553617586371859
950,664,0.160002606,0.1556525026974473
950,88,0.168640622,0.1709204726814662
950,459,0.198659162,0.1916218517961848
950,21,0.160130395,0.1550184721806627
950,103,0.214847546,0.1687077779570138
